Date,Open,High,Low,Close,Adj Close,Volume,date,price,dix,gex
5/2/2011,1365.209961,1370.579956,1358.589966,1361.219971,1361.219971,3846250000,5/2/2011,1361.219971,0.378842099,1897312571
5/3/2011,1359.76001,1360.839966,1349.52002,1356.619995,1356.619995,4223740000,5/3/2011,1356.619995,0.38341108,1859730656
5/4/2011,1355.900024,1355.900024,1341.5,1347.319946,1347.319946,4223740000,5/4/2011,1347.319946,0.3921218,1717763845
5/5/2011,1344.160034,1348,1329.170044,1335.099976,1335.099976,3846250000,5/5/2011,1335.099976,0.40545702,1361864280
5/6/2011,1340.23999,1354.359985,1335.579956,1340.199951,1340.199951,4223740000,5/6/2011,1340.199951,0.418648665,1490328626
5/9/2011,1340.199951,1349.439941,1338.640015,1346.290039,1346.290039,4265250000,5/9/2011,1346.290039,0.410320503,1677058729
5/10/2011,1348.339966,1359.439941,1348.339966,1357.160034,1357.160034,4223740000,5/10/2011,1357.160034,0.392851427,2034952131
5/11/2011,1354.51001,1354.51001,1336.359985,1342.079956,1342.079956,3846250000,5/11/2011,1342.079956,0.400814098,1536770885
5/12/2011,1339.390015,1351.050049,1332.030029,1348.650024,1348.650024,3777210000,5/12/2011,1348.650024,0.387533995,1674923266
5/13/2011,1348.689941,1350.469971,1333.359985,1337.77002,1337.77002,3426660000,5/13/2011,1337.77002,0.405595192,1218149462
5/16/2011,1334.77002,1343.329956,1327.319946,1329.469971,1329.469971,3846250000,5/16/2011,1329.469971,0.389702744,779596412.3
5/17/2011,1326.099976,1330.420044,1318.51001,1328.97998,1328.97998,4053970000,5/17/2011,1328.97998,0.394746832,841850592
5/18/2011,1328.540039,1341.819946,1326.589966,1340.680054,1340.680054,3922030000,5/18/2011,1340.680054,0.402330225,1366160182
5/19/2011,1342.400024,1346.819946,1336.359985,1343.599976,1343.599976,3626110000,5/19/2011,1343.599976,0.394634203,1543685365
5/20/2011,1342,1342,1330.670044,1333.27002,1333.27002,4066020000,5/20/2011,1333.27002,0.413201616,1288076424
5/23/2011,1333.069946,1333.069946,1312.880005,1317.369995,1317.369995,3255580000,5/23/2011,1317.369995,0.405846557,539696742.8
5/24/2011,1317.699951,1323.719971,1313.869995,1316.280029,1316.280029,3846250000,5/24/2011,1316.280029,0.389380348,510244377.5
5/25/2011,1316.359985,1325.859985,1311.800049,1320.469971,1320.469971,4109670000,5/25/2011,1320.469971,0.39729069,740695062.9
5/26/2011,1320.640015,1328.51001,1314.410034,1325.689941,1325.689941,3259470000,5/26/2011,1325.689941,0.397655976,794680724.9
5/27/2011,1325.689941,1334.619995,1325.689941,1331.099976,1331.099976,3124560000,5/27/2011,1331.099976,0.40093531,918664965.2
5/31/2011,1331.099976,1345.199951,1331.099976,1345.199951,1345.199951,4696240000,5/31/2011,1345.199951,0.402477407,1501018827
6/1/2011,1345.199951,1345.199951,1313.709961,1314.550049,1314.550049,4241090000,6/1/2011,1314.550049,0.441581815,765472910.7
6/2/2011,1314.550049,1318.030029,1305.609985,1312.939941,1312.939941,3762170000,6/2/2011,1312.939941,0.413069954,737054457.1
6/3/2011,1312.939941,1312.939941,1297.900024,1300.160034,1300.160034,3505030000,6/3/2011,1300.160034,0.436109719,405956517.9
6/6/2011,1300.26001,1300.26001,1284.719971,1286.170044,1286.170044,3555980000,6/6/2011,1286.170044,0.400147128,24119666.1
6/7/2011,1286.310059,1296.219971,1284.73999,1284.939941,1284.939941,3846250000,6/7/2011,1284.939941,0.406773926,-172403089.1
6/8/2011,1284.630005,1287.040039,1277.420044,1279.560059,1279.560059,3970810000,6/8/2011,1279.560059,0.40458124,-285916518
6/9/2011,1279.630005,1294.540039,1279.630005,1289,1289,3332510000,6/9/2011,1289,0.414450695,-110999211.3
6/10/2011,1288.599976,1288.599976,1268.280029,1270.97998,1270.97998,3846250000,6/10/2011,1270.97998,0.436125527,-459227978.2
6/13/2011,1271.310059,1277.040039,1265.640015,1271.829956,1271.829956,4132520000,6/13/2011,1271.829956,0.40885086,-449818392.3
6/14/2011,1272.219971,1292.5,1272.219971,1287.869995,1287.869995,3500280000,6/14/2011,1287.869995,0.426970319,97844618.18
6/15/2011,1287.869995,1287.869995,1261.900024,1265.420044,1265.420044,4070500000,6/15/2011,1265.420044,0.430259748,-618829105.2
6/16/2011,1265.530029,1274.109985,1258.069946,1267.640015,1267.640015,3846250000,6/16/2011,1267.640015,0.387974963,-643026779.9
6/17/2011,1268.579956,1279.819946,1267.400024,1271.5,1271.5,4916460000,6/17/2011,1271.5,0.408967692,-444255510.6
6/20/2011,1271.5,1280.420044,1267.560059,1278.359985,1278.359985,3464660000,6/20/2011,1278.359985,0.371377592,130641736.1
6/21/2011,1278.400024,1297.619995,1278.400024,1295.52002,1295.52002,4056150000,6/21/2011,1295.52002,0.423486175,594237200.5
6/22/2011,1295.47998,1298.609985,1286.790039,1287.140015,1287.140015,3718420000,6/22/2011,1287.140015,0.447209893,421966023.2
6/23/2011,1286.599976,1286.599976,1262.869995,1283.5,1283.5,4983450000,6/23/2011,1283.5,0.446167418,673524372.9
6/24/2011,1283.040039,1283.930054,1267.23999,1268.449951,1268.449951,3665340000,6/24/2011,1268.449951,0.447477568,197912878.2
6/27/2011,1268.439941,1284.910034,1267.530029,1280.099976,1280.099976,3479070000,6/27/2011,1280.099976,0.422968726,533994908.8
6/28/2011,1280.209961,1296.800049,1280.209961,1296.670044,1296.670044,3681500000,6/28/2011,1296.670044,0.434609154,1000303670
6/29/2011,1296.849976,1309.209961,1296.849976,1307.410034,1307.410034,4347540000,6/29/2011,1307.410034,0.41914064,1263240917
6/30/2011,1307.640015,1321.969971,1307.640015,1320.640015,1320.640015,4200500000,6/30/2011,1320.640015,0.41193311,1731119950
7/1/2011,1320.640015,1341.01001,1318.180054,1339.670044,1339.670044,3796930000,7/1/2011,1339.670044,0.414437072,2019895207
7/5/2011,1339.589966,1340.890015,1334.300049,1337.880005,1337.880005,3722320000,7/5/2011,1337.880005,0.418297491,2204693723
7/6/2011,1337.560059,1340.939941,1330.920044,1339.219971,1339.219971,3564190000,7/6/2011,1339.219971,0.429512982,2236776777
7/7/2011,1339.619995,1356.47998,1339.619995,1353.219971,1353.219971,4069530000,7/7/2011,1353.219971,0.416198359,2729301387
7/8/2011,1352.390015,1352.390015,1333.709961,1343.800049,1343.800049,3594360000,7/8/2011,1343.800049,0.4396265,2490173790
7/11/2011,1343.310059,1343.310059,1316.420044,1319.48999,1319.48999,3879130000,7/11/2011,1319.48999,0.427681437,1737340523
7/12/2011,1319.609985,1327.170044,1313.329956,1313.640015,1313.640015,4227890000,7/12/2011,1313.640015,0.428388198,1533836324
7/13/2011,1314.449951,1331.47998,1314.449951,1317.719971,1317.719971,4060080000,7/13/2011,1317.719971,0.42802034,1957650369
7/14/2011,1317.73999,1326.880005,1306.51001,1308.869995,1308.869995,4358570000,7/14/2011,1308.869995,0.433802921,1650214263
7/15/2011,1308.869995,1317.699951,1307.52002,1316.140015,1316.140015,4242760000,7/15/2011,1316.140015,0.426378352,4176336442
7/18/2011,1315.939941,1315.939941,1295.920044,1305.439941,1305.439941,4118160000,7/18/2011,1305.439941,0.416247547,887183380
7/19/2011,1307.069946,1328.140015,1307.069946,1326.72998,1326.72998,4304600000,7/19/2011,1326.72998,0.410345173,1304589933
7/20/2011,1328.660034,1330.430054,1323.650024,1325.839966,1325.839966,3767420000,7/20/2011,1325.839966,0.439684736,1549113896
7/21/2011,1325.650024,1347,1325.650024,1343.800049,1343.800049,4837430000,7/21/2011,1343.800049,0.42232637,1763114024
7/22/2011,1343.800049,1346.099976,1336.949951,1345.02002,1345.02002,3522830000,7/22/2011,1345.02002,0.445173324,1635847484
7/25/2011,1344.319946,1344.319946,1331.089966,1337.430054,1337.430054,3536890000,7/25/2011,1337.430054,0.444488726,1594831932
7/26/2011,1337.390015,1338.51001,1329.589966,1331.939941,1331.939941,4007050000,7/26/2011,1331.939941,0.421529934,1541061095
7/27/2011,1331.910034,1331.910034,1303.48999,1304.890015,1304.890015,3479040000,7/27/2011,1304.890015,0.418012198,839162001.8
7/28/2011,1304.839966,1316.319946,1299.160034,1300.670044,1300.670044,4951800000,7/28/2011,1300.670044,0.408520001,727984032.6
7/29/2011,1300.119995,1304.160034,1282.859985,1292.280029,1292.280029,5061190000,7/29/2011,1292.280029,0.40360837,634859901
8/1/2011,1292.589966,1307.380005,1274.72998,1286.939941,1286.939941,4967390000,8/1/2011,1286.939941,0.440309934,645133919.4
8/2/2011,1286.560059,1286.560059,1254.030029,1254.050049,1254.050049,5206290000,8/2/2011,1254.050049,0.441316163,54369376.39
8/3/2011,1254.25,1261.199951,1234.560059,1260.339966,1260.339966,6446940000,8/3/2011,1260.339966,0.431168961,224930307.5
8/4/2011,1260.22998,1260.22998,1199.540039,1200.069946,1200.069946,4266530000,8/4/2011,1200.069946,0.429702315,-660360325.5
8/5/2011,1200.280029,1218.109985,1168.089966,1199.380005,1199.380005,5454590000,8/5/2011,1199.380005,0.421318722,-463212353.1
8/8/2011,1198.47998,1198.47998,1119.280029,1119.459961,1119.459961,2615150000,8/8/2011,1119.459961,0.422791103,-802754541.1
8/9/2011,1120.22998,1172.880005,1101.540039,1172.530029,1172.530029,2366660000,8/9/2011,1172.530029,0.419587084,-374593398
8/10/2011,1171.77002,1171.77002,1118.01001,1120.76001,1120.76001,5018070000,8/10/2011,1120.76001,0.464857049,-759558784.7
8/11/2011,1121.300049,1186.290039,1121.300049,1172.640015,1172.640015,3685050000,8/11/2011,1172.640015,0.427854096,-264886917.5
8/12/2011,1172.869995,1189.040039,1170.73999,1178.810059,1178.810059,5640380000,8/12/2011,1178.810059,0.456990381,-309018593.5
8/15/2011,1178.859985,1204.48999,1178.859985,1204.48999,1204.48999,4272850000,8/15/2011,1204.48999,0.46463638,-23047118.8
8/16/2011,1204.219971,1204.219971,1180.530029,1192.76001,1192.76001,5071600000,8/16/2011,1192.76001,0.469079328,-225224022.6
8/17/2011,1192.890015,1208.469971,1184.359985,1193.890015,1193.890015,4388340000,8/17/2011,1193.890015,0.482254151,-251705740.2
8/18/2011,1189.619995,1189.619995,1131.030029,1140.650024,1140.650024,3234810000,8/18/2011,1140.650024,0.462807642,-836496736.5
8/19/2011,1140.469971,1154.540039,1122.050049,1123.530029,1123.530029,5167560000,8/19/2011,1123.530029,0.458592828,-1187036923
8/22/2011,1123.550049,1145.48999,1121.089966,1123.819946,1123.819946,5436260000,8/22/2011,1123.819946,0.448567228,-361898319.4
8/23/2011,1124.359985,1162.349976,1124.359985,1162.349976,1162.349976,5013170000,8/23/2011,1162.349976,0.461559084,54580971.03
8/24/2011,1162.160034,1178.560059,1156.300049,1177.599976,1177.599976,5315310000,8/24/2011,1177.599976,0.479698402,205415735.9
8/25/2011,1176.689941,1190.680054,1155.469971,1159.27002,1159.27002,5748420000,8/25/2011,1159.27002,0.488769064,2799983.66
8/26/2011,1158.849976,1181.22998,1135.910034,1176.800049,1176.800049,5035320000,8/26/2011,1176.800049,0.479699008,137694130.1
8/29/2011,1177.910034,1210.280029,1177.910034,1210.079956,1210.079956,4228070000,8/29/2011,1210.079956,0.48106422,561222253.1
8/30/2011,1209.76001,1220.099976,1195.77002,1212.920044,1212.920044,4572570000,8/30/2011,1212.920044,0.478342927,635378251.4
8/31/2011,1213,1230.709961,1209.349976,1218.890015,1218.890015,5267840000,8/31/2011,1218.890015,0.460570921,605715448.2
9/1/2011,1219.119995,1229.290039,1203.849976,1204.420044,1204.420044,4780410000,9/1/2011,1204.420044,0.487540669,320553022
9/2/2011,1203.900024,1203.900024,1170.560059,1173.969971,1173.969971,4401740000,9/2/2011,1173.969971,0.494089934,-15399260.06
9/6/2011,1173.969971,1173.969971,1140.130005,1165.23999,1165.23999,5103980000,9/6/2011,1165.23999,0.503255069,-974825.71
9/7/2011,1165.849976,1198.619995,1165.849976,1198.619995,1198.619995,4441040000,9/7/2011,1198.619995,0.463618062,424298106.1
9/8/2011,1197.97998,1204.400024,1183.339966,1185.900024,1185.900024,4465170000,9/8/2011,1185.900024,0.473642392,294110268
9/9/2011,1185.369995,1185.369995,1148.369995,1154.22998,1154.22998,4586370000,9/9/2011,1154.22998,0.500488427,-164918292.2
9/12/2011,1153.5,1162.52002,1136.069946,1162.27002,1162.27002,5168550000,9/12/2011,1162.27002,0.469095092,-55401539.5
9/13/2011,1162.589966,1176.410034,1157.439941,1172.869995,1172.869995,4681370000,9/13/2011,1172.869995,0.483554346,180810962.2
9/14/2011,1173.319946,1202.380005,1162.72998,1188.680054,1188.680054,4986740000,9/14/2011,1188.680054,0.467058699,516499239.9
9/15/2011,1189.439941,1209.109985,1189.439941,1209.109985,1209.109985,4479730000,9/15/2011,1209.109985,0.445066086,924224780.5
9/16/2011,1209.209961,1220.060059,1204.459961,1216.01001,1216.01001,5248890000,9/16/2011,1216.01001,0.474803599,1627867630
9/19/2011,1214.98999,1214.98999,1188.359985,1204.089966,1204.089966,4254190000,9/19/2011,1204.089966,0.471532494,819791724.4
9/20/2011,1204.5,1220.390015,1201.290039,1202.089966,1202.089966,4315610000,9/20/2011,1202.089966,0.460587997,864559001.3
9/21/2011,1203.630005,1206.300049,1166.209961,1166.76001,1166.76001,4728550000,9/21/2011,1166.76001,0.448700174,480322758.3
9/22/2011,1164.550049,1164.550049,1114.219971,1129.560059,1129.560059,6703140000,9/22/2011,1129.560059,0.481429038,42688858.26
9/23/2011,1128.819946,1141.719971,1121.359985,1136.430054,1136.430054,5639930000,9/23/2011,1136.430054,0.457091477,246153269.1
9/26/2011,1136.910034,1164.189941,1131.069946,1162.949951,1162.949951,4762830000,9/26/2011,1162.949951,0.456608486,415707524.8
9/27/2011,1163.319946,1195.859985,1163.319946,1175.380005,1175.380005,5548130000,9/27/2011,1175.380005,0.449152199,506709646.2
9/28/2011,1175.390015,1184.709961,1150.400024,1151.060059,1151.060059,4787920000,9/28/2011,1151.060059,0.483848986,303390928.7
9/29/2011,1151.73999,1175.869995,1139.930054,1160.400024,1160.400024,5285740000,9/29/2011,1160.400024,0.451186941,253516385.7
9/30/2011,1159.930054,1159.930054,1131.339966,1131.420044,1131.420044,4416790000,9/30/2011,1131.420044,0.475506663,11640191.37
10/3/2011,1131.209961,1138.98999,1098.920044,1099.22998,1099.22998,5670340000,10/3/2011,1099.22998,0.480298014,-220425308.1
10/4/2011,1097.420044,1125.119995,1074.77002,1123.949951,1123.949951,3714670000,10/4/2011,1123.949951,0.462602226,-85366095.48
10/5/2011,1124.030029,1146.069946,1115.680054,1144.030029,1144.030029,2510620000,10/5/2011,1144.030029,0.484630064,168193569.3
10/6/2011,1144.109985,1165.550049,1134.949951,1164.969971,1164.969971,5098330000,10/6/2011,1164.969971,0.481191663,401723210.3
10/7/2011,1165.030029,1171.400024,1150.26001,1155.459961,1155.459961,5580380000,10/7/2011,1155.459961,0.477111056,219498636.1
10/10/2011,1158.150024,1194.910034,1158.150024,1194.890015,1194.890015,4446800000,10/10/2011,1194.890015,0.447477948,931951102.5
10/11/2011,1194.599976,1199.23999,1187.300049,1195.540039,1195.540039,4424500000,10/11/2011,1195.540039,0.475650611,1128800514
10/12/2011,1196.189941,1220.25,1196.189941,1207.25,1207.25,5355360000,10/12/2011,1207.25,0.471812996,1326485542
10/13/2011,1206.959961,1207.459961,1190.579956,1203.660034,1203.660034,4436270000,10/13/2011,1203.660034,0.496293143,1378016376
10/14/2011,1205.650024,1224.609985,1205.650024,1224.579956,1224.579956,4116690000,10/14/2011,1224.579956,0.456942523,1783365971
10/17/2011,1224.469971,1224.469971,1198.550049,1200.859985,1200.859985,4300700000,10/17/2011,1200.859985,0.491524808,1329837843
10/18/2011,1200.75,1233.099976,1191.47998,1225.380005,1225.380005,4840170000,10/18/2011,1225.380005,0.460549148,1784730872
10/19/2011,1223.459961,1229.640015,1206.310059,1209.880005,1209.880005,4846390000,10/19/2011,1209.880005,0.471040535,1070550490
10/20/2011,1209.920044,1219.530029,1197.339966,1215.390015,1215.390015,4870290000,10/20/2011,1215.390015,0.480243155,1012832468
10/21/2011,1215.390015,1239.030029,1215.390015,1238.25,1238.25,4980770000,10/21/2011,1238.25,0.448862054,2347473743
10/24/2011,1238.719971,1256.550049,1238.719971,1254.189941,1254.189941,4309380000,10/24/2011,1254.189941,0.428410051,1158879374
10/25/2011,1254.189941,1254.189941,1226.790039,1229.050049,1229.050049,4473970000,10/25/2011,1229.050049,0.44638268,799720648.2
10/26/2011,1229.170044,1246.280029,1221.060059,1242,1242,4873530000,10/26/2011,1242,0.42391454,1009327345
10/27/2011,1243.969971,1292.660034,1243.969971,1284.589966,1284.589966,6367610000,10/27/2011,1284.589966,0.397064268,1688101729
10/28/2011,1284.390015,1287.079956,1277.01001,1285.089966,1285.089966,4536690000,10/28/2011,1285.089966,0.43294202,1581690426
10/31/2011,1284.959961,1284.959961,1253.160034,1253.300049,1253.300049,4310210000,10/31/2011,1253.300049,0.445037015,1171656477
11/1/2011,1251,1251,1215.420044,1218.280029,1218.280029,5645540000,11/1/2011,1218.280029,0.454847982,562856339.8
11/2/2011,1219.619995,1242.47998,1219.619995,1237.900024,1237.900024,4110530000,11/2/2011,1237.900024,0.450534427,851141787.8
11/3/2011,1238.25,1263.209961,1234.810059,1261.150024,1261.150024,4849140000,11/3/2011,1261.150024,0.44365225,1438676102
11/4/2011,1260.819946,1260.819946,1238.920044,1253.22998,1253.22998,3830650000,11/4/2011,1253.22998,0.468466739,1145431786
11/7/2011,1253.209961,1261.699951,1240.75,1261.119995,1261.119995,3429740000,11/7/2011,1261.119995,0.445331893,1329564468
11/8/2011,1261.119995,1277.550049,1254.98999,1275.920044,1275.920044,3908490000,11/8/2011,1275.920044,0.426426666,1807110772
11/9/2011,1275.180054,1275.180054,1226.640015,1229.099976,1229.099976,4659740000,11/9/2011,1229.099976,0.482996408,615504956
11/10/2011,1229.589966,1246.219971,1227.699951,1239.699951,1239.699951,4002760000,11/10/2011,1239.699951,0.42235354,665815678.9
11/11/2011,1240.119995,1266.97998,1240.119995,1263.849976,1263.849976,3370180000,11/11/2011,1263.849976,0.423077624,1253845090
11/14/2011,1263.849976,1263.849976,1246.680054,1251.780029,1251.780029,3219680000,11/14/2011,1251.780029,0.453277241,1051690216
11/15/2011,1251.699951,1264.25,1244.339966,1257.810059,1257.810059,3599300000,11/15/2011,1257.810059,0.436227733,1337630468
11/16/2011,1257.810059,1259.609985,1235.670044,1236.910034,1236.910034,4085010000,11/16/2011,1236.910034,0.461607981,745624770.7
11/17/2011,1236.560059,1237.72998,1209.430054,1216.130005,1216.130005,4596450000,11/17/2011,1216.130005,0.469086863,164520103.5
11/18/2011,1216.189941,1223.51001,1211.359985,1215.650024,1215.650024,3827610000,11/18/2011,1215.650024,0.455749012,-948429186.9
11/21/2011,1215.619995,1215.619995,1183.160034,1192.97998,1192.97998,4050070000,11/21/2011,1192.97998,0.450129026,70720556.43
11/22/2011,1192.97998,1196.810059,1181.650024,1188.040039,1188.040039,3911710000,11/22/2011,1188.040039,0.467619484,156201703.2
11/23/2011,1187.47998,1187.47998,1161.790039,1161.790039,1161.790039,3798940000,11/23/2011,1161.790039,0.465278888,-252170842.5
11/25/2011,1161.410034,1172.660034,1158.660034,1158.670044,1158.670044,1664200000,11/25/2011,1158.670044,0.470870269,-206203569.7
11/28/2011,1158.670044,1197.349976,1158.670044,1192.550049,1192.550049,3920750000,11/28/2011,1192.550049,0.46061204,250687378.9
11/29/2011,1192.560059,1203.670044,1191.800049,1195.189941,1195.189941,3992650000,11/29/2011,1195.189941,0.449602543,260318977.5
11/30/2011,1196.719971,1247.109985,1196.719971,1246.959961,1246.959961,5801910000,11/30/2011,1246.959961,0.40289277,1219948970
12/1/2011,1246.910034,1251.089966,1239.72998,1244.579956,1244.579956,3818680000,12/1/2011,1244.579956,0.438849579,1310091659
12/2/2011,1246.030029,1260.079956,1243.349976,1244.280029,1244.280029,4144310000,12/2/2011,1244.280029,0.427454365,1122010988
12/5/2011,1244.329956,1266.72998,1244.329956,1257.079956,1257.079956,4148060000,12/5/2011,1257.079956,0.434154574,1407537501
12/6/2011,1257.189941,1266.030029,1253.030029,1258.469971,1258.469971,3734230000,12/6/2011,1258.469971,0.435047155,1385127223
12/7/2011,1258.140015,1267.060059,1244.800049,1261.01001,1261.01001,4160540000,12/7/2011,1261.01001,0.4419741,1400280640
12/8/2011,1260.869995,1260.869995,1231.469971,1234.349976,1234.349976,4298370000,12/8/2011,1234.349976,0.475577644,927913416.2
12/9/2011,1234.47998,1258.25,1234.47998,1255.189941,1255.189941,3830610000,12/9/2011,1255.189941,0.440305541,1452367339
12/12/2011,1255.050049,1255.050049,1227.25,1236.469971,1236.469971,3600570000,12/12/2011,1236.469971,0.495128953,1022002330
12/13/2011,1236.829956,1249.859985,1219.430054,1225.72998,1225.72998,4121570000,12/13/2011,1225.72998,0.458171342,707628338.1
12/14/2011,1225.72998,1225.72998,1209.469971,1211.819946,1211.819946,4298290000,12/14/2011,1211.819946,0.439287721,182965155.9
12/15/2011,1212.119995,1225.599976,1212.119995,1215.75,1215.75,3810340000,12/15/2011,1215.75,0.427442872,181227650.2
12/16/2011,1216.089966,1231.040039,1215.199951,1219.660034,1219.660034,5345800000,12/16/2011,1219.660034,0.455177073,809948927.7
12/19/2011,1219.73999,1224.569946,1202.369995,1205.349976,1205.349976,3659820000,12/19/2011,1205.349976,0.449236784,547980483.5
12/20/2011,1205.719971,1242.819946,1205.719971,1241.300049,1241.300049,4055590000,12/20/2011,1241.300049,0.405726452,1244950459
12/21/2011,1241.25,1245.089966,1229.51001,1243.719971,1243.719971,2959020000,12/21/2011,1243.719971,0.428636389,1417896318
12/22/2011,1243.719971,1255.219971,1243.719971,1254,1254,3492250000,12/22/2011,1254,0.4316862,1681798898
12/23/2011,1254,1265.420044,1254,1265.329956,1265.329956,2233830000,12/23/2011,1265.329956,0.429020877,1667860365
12/27/2011,1265.02002,1269.369995,1262.300049,1265.430054,1265.430054,2130590000,12/27/2011,1265.430054,0.435375215,1823359678
12/28/2011,1265.380005,1265.849976,1248.640015,1249.640015,1249.640015,2349980000,12/28/2011,1249.640015,0.454748361,1420172304
12/29/2011,1249.75,1263.540039,1249.75,1263.02002,1263.02002,2278130000,12/29/2011,1263.02002,0.440780529,1770650321
12/30/2011,1262.819946,1264.119995,1257.459961,1257.599976,1257.599976,2271850000,12/30/2011,1257.599976,0.429171329,1555835281
1/3/2012,1258.859985,1284.619995,1258.859985,1277.060059,1277.060059,3943710000,1/3/2012,1277.060059,0.411853455,2013937733
1/4/2012,1277.030029,1278.72998,1268.099976,1277.300049,1277.300049,3592580000,1/4/2012,1277.300049,0.456286253,2149477635
1/5/2012,1277.300049,1283.050049,1265.26001,1281.060059,1281.060059,4315950000,1/5/2012,1281.060059,0.459538324,2291122803
1/6/2012,1280.930054,1281.839966,1273.339966,1277.810059,1277.810059,3656830000,1/6/2012,1277.810059,0.455721589,2050336452
1/9/2012,1277.829956,1281.98999,1274.550049,1280.699951,1280.699951,3371600000,1/9/2012,1280.699951,0.443140449,2099565270
1/10/2012,1280.77002,1296.459961,1280.77002,1292.079956,1292.079956,4221960000,1/10/2012,1292.079956,0.420540829,2365634573
1/11/2012,1292.02002,1293.800049,1285.410034,1292.47998,1292.47998,3968120000,1/11/2012,1292.47998,0.44476812,2328042130
1/12/2012,1292.47998,1296.819946,1285.77002,1295.5,1295.5,4019890000,1/12/2012,1295.5,0.453079734,2400086675
1/13/2012,1294.819946,1294.819946,1277.579956,1289.089966,1289.089966,3692370000,1/13/2012,1289.089966,0.457141218,2244354575
1/17/2012,1290.219971,1303,1290.219971,1293.670044,1293.670044,4010490000,1/17/2012,1293.670044,0.422817493,2487898292
1/18/2012,1293.650024,1308.109985,1290.98999,1308.040039,1308.040039,4096160000,1/18/2012,1308.040039,0.437660603,2789240579
1/19/2012,1308.069946,1315.48999,1308.069946,1314.5,1314.5,4465890000,1/19/2012,1314.5,0.441143201,3020604554
1/20/2012,1314.48999,1315.380005,1309.170044,1315.380005,1315.380005,3912620000,1/20/2012,1315.380005,0.438470229,5358379990
1/23/2012,1315.290039,1322.280029,1309.890015,1316,1316,3770910000,1/23/2012,1316,0.424406132,1360477010
1/24/2012,1315.959961,1315.959961,1306.060059,1314.650024,1314.650024,3693560000,1/24/2012,1314.650024,0.427808634,1326643587
1/25/2012,1314.400024,1328.300049,1307.650024,1326.060059,1326.060059,4410910000,1/25/2012,1326.060059,0.416994023,2073559882
1/26/2012,1326.280029,1333.469971,1313.599976,1318.430054,1318.430054,4522070000,1/26/2012,1318.430054,0.422394072,1847055850
1/27/2012,1318.25,1320.060059,1311.719971,1316.329956,1316.329956,4007380000,1/27/2012,1316.329956,0.431315853,1579086753
1/30/2012,1316.160034,1316.160034,1300.48999,1313.01001,1313.01001,3659010000,1/30/2012,1313.01001,0.465470177,1685941157
1/31/2012,1313.530029,1321.410034,1306.689941,1312.410034,1312.410034,4235550000,1/31/2012,1312.410034,0.451847259,1788588311
2/1/2012,1312.449951,1330.52002,1312.449951,1324.089966,1324.089966,4504360000,2/1/2012,1324.089966,0.419720719,1942692935
2/2/2012,1324.23999,1329.189941,1321.569946,1325.540039,1325.540039,4120920000,2/2/2012,1325.540039,0.432154839,1988290986
2/3/2012,1326.209961,1345.339966,1326.209961,1344.900024,1344.900024,4608550000,2/3/2012,1344.900024,0.415764314,2256784984
2/6/2012,1344.319946,1344.359985,1337.52002,1344.329956,1344.329956,3379700000,2/6/2012,1344.329956,0.436427334,2380094745
2/7/2012,1344.329956,1349.23999,1335.920044,1347.050049,1347.050049,3742460000,2/7/2012,1347.050049,0.443991818,2555741485
2/8/2012,1347.040039,1351,1341.949951,1349.959961,1349.959961,4096730000,2/8/2012,1349.959961,0.439762169,2676630481
2/9/2012,1349.969971,1354.319946,1344.630005,1351.949951,1351.949951,4209890000,2/9/2012,1351.949951,0.433544848,2606671502
2/10/2012,1351.209961,1351.209961,1337.349976,1342.640015,1342.640015,3877580000,2/10/2012,1342.640015,0.454488035,2166027617
2/13/2012,1343.060059,1353.349976,1343.060059,1351.77002,1351.77002,3618040000,2/13/2012,1351.77002,0.435652483,2383096276
2/14/2012,1351.300049,1351.300049,1340.829956,1350.5,1350.5,3889520000,2/14/2012,1350.5,0.43687051,2375689236
2/15/2012,1350.52002,1355.869995,1340.800049,1343.22998,1343.22998,4080340000,2/15/2012,1343.22998,0.42288139,1946328756
2/16/2012,1342.609985,1359.02002,1341.219971,1358.040039,1358.040039,4108880000,2/16/2012,1358.040039,0.403360978,2403205901
2/17/2012,1358.060059,1363.400024,1357.23999,1361.22998,1361.22998,3717640000,2/17/2012,1361.22998,0.413584361,3963263036
2/21/2012,1361.219971,1367.76001,1358.109985,1362.209961,1362.209961,3795200000,2/21/2012,1362.209961,0.422478382,1836440940
2/22/2012,1362.109985,1362.699951,1355.530029,1357.660034,1357.660034,3633710000,2/22/2012,1357.660034,0.42099281,1847991718
2/23/2012,1357.530029,1364.23999,1352.280029,1363.459961,1363.459961,3786450000,2/23/2012,1363.459961,0.413212964,2178450928
2/24/2012,1363.459961,1368.920044,1363.459961,1365.73999,1365.73999,3505360000,2/24/2012,1365.73999,0.431161465,2048066404
2/27/2012,1365.199951,1371.939941,1354.920044,1367.589966,1367.589966,3648890000,2/27/2012,1367.589966,0.438857032,2143096789
2/28/2012,1367.560059,1373.089966,1365.969971,1372.180054,1372.180054,3579120000,2/28/2012,1372.180054,0.4203273,2489017761
2/29/2012,1372.199951,1378.040039,1363.810059,1365.680054,1365.680054,4482370000,2/29/2012,1365.680054,0.456480825,2279679894
3/1/2012,1365.900024,1376.170044,1365.900024,1374.089966,1374.089966,3919240000,3/1/2012,1374.089966,0.460734142,2532165991
3/2/2012,1374.089966,1374.530029,1366.420044,1369.630005,1369.630005,3283490000,3/2/2012,1369.630005,0.451729676,2193723807
3/5/2012,1369.589966,1369.589966,1359.130005,1364.329956,1364.329956,3429480000,3/5/2012,1364.329956,0.438912354,1968104282
3/6/2012,1363.630005,1363.630005,1340.030029,1343.359985,1343.359985,4191060000,3/6/2012,1343.359985,0.432709392,1367268859
3/7/2012,1343.390015,1354.849976,1343.390015,1352.630005,1352.630005,3580380000,3/7/2012,1352.630005,0.464862773,1663036075
3/8/2012,1352.650024,1368.719971,1352.650024,1365.910034,1365.910034,3543060000,3/8/2012,1365.910034,0.441270376,2461000862
3/9/2012,1365.969971,1374.76001,1365.969971,1370.869995,1370.869995,3639470000,3/9/2012,1370.869995,0.457583846,2422366519
3/12/2012,1370.780029,1373.040039,1366.689941,1371.089966,1371.089966,3081870000,3/12/2012,1371.089966,0.462077742,2739084140
3/13/2012,1371.920044,1396.130005,1371.920044,1395.949951,1395.949951,4386470000,3/13/2012,1395.949951,0.442057996,3390409713
3/14/2012,1395.949951,1399.420044,1389.969971,1394.280029,1394.280029,4502280000,3/14/2012,1394.280029,0.4518658,3256845975
3/15/2012,1394.170044,1402.630005,1392.780029,1402.599976,1402.599976,4271650000,3/15/2012,1402.599976,0.45955109,3404727489
3/16/2012,1402.550049,1405.880005,1401.469971,1404.170044,1404.170044,5163950000,3/16/2012,1404.170044,0.45746992,4959128417
3/19/2012,1404.170044,1414,1402.430054,1409.75,1409.75,3932570000,3/19/2012,1409.75,0.419983363,2249543027
3/20/2012,1409.589966,1409.589966,1397.680054,1405.52002,1405.52002,3695280000,3/20/2012,1405.52002,0.418007617,2383750780
3/21/2012,1405.52002,1407.75,1400.640015,1402.890015,1402.890015,3573590000,3/21/2012,1402.890015,0.435422065,2385713488
3/22/2012,1402.890015,1402.890015,1388.72998,1392.780029,1392.780029,3740590000,3/22/2012,1392.780029,0.433343751,2059240156
3/23/2012,1392.780029,1399.180054,1386.869995,1397.109985,1397.109985,3472950000,3/23/2012,1397.109985,0.432943528,1992954218
3/26/2012,1397.109985,1416.579956,1397.109985,1416.51001,1416.51001,3576950000,3/26/2012,1416.51001,0.422077752,2620114919
3/27/2012,1416.550049,1419.150024,1411.949951,1412.52002,1412.52002,3513640000,3/27/2012,1412.52002,0.425787292,2803205760
3/28/2012,1412.52002,1413.650024,1397.199951,1405.540039,1405.540039,3892800000,3/28/2012,1405.540039,0.446510754,2649575365
3/29/2012,1405.390015,1405.390015,1391.560059,1403.280029,1403.280029,3832000000,3/29/2012,1403.280029,0.457585048,2332339630
3/30/2012,1403.310059,1410.890015,1401.420044,1408.469971,1408.469971,3676890000,3/30/2012,1408.469971,0.423634288,2282703676
4/2/2012,1408.469971,1422.380005,1404.459961,1419.040039,1419.040039,3572010000,4/2/2012,1419.040039,0.4193694,2916921422
4/3/2012,1418.97998,1419,1404.619995,1413.380005,1413.380005,3822090000,4/3/2012,1413.380005,0.446404921,3033797133
4/4/2012,1413.089966,1413.089966,1394.089966,1398.959961,1398.959961,3938290000,4/4/2012,1398.959961,0.446128421,2606570752
4/5/2012,1398.790039,1401.599976,1392.920044,1398.079956,1398.079956,3303740000,4/5/2012,1398.079956,0.440183442,2336089426
4/9/2012,1397.449951,1397.449951,1378.23999,1382.199951,1382.199951,3468980000,4/9/2012,1382.199951,0.442140852,2115169227
4/10/2012,1382.180054,1383.01001,1357.380005,1358.589966,1358.589966,4631730000,4/10/2012,1358.589966,0.448563054,1368222030
4/11/2012,1358.97998,1374.709961,1358.97998,1368.709961,1368.709961,3743040000,4/11/2012,1368.709961,0.464257559,1462342361
4/12/2012,1368.77002,1388.130005,1368.77002,1387.569946,1387.569946,3618280000,4/12/2012,1387.569946,0.443339179,1958043309
4/13/2012,1387.609985,1387.609985,1369.849976,1370.26001,1370.26001,3631160000,4/13/2012,1370.26001,0.445217761,1337731245
4/16/2012,1370.27002,1379.660034,1365.380005,1369.569946,1369.569946,3574780000,4/16/2012,1369.569946,0.402919908,1028359494
4/17/2012,1369.569946,1392.76001,1369.569946,1390.780029,1390.780029,3456200000,4/17/2012,1390.780029,0.428623496,2233741866
4/18/2012,1390.780029,1390.780029,1383.290039,1385.140015,1385.140015,3463140000,4/18/2012,1385.140015,0.4371225,2120779337
4/19/2012,1385.079956,1390.459961,1370.300049,1376.920044,1376.920044,4180020000,4/19/2012,1376.920044,0.436354903,1245238435
4/20/2012,1376.959961,1387.400024,1376.959961,1378.530029,1378.530029,3833320000,4/20/2012,1378.530029,0.397271511,1706147508
4/23/2012,1378.530029,1378.530029,1358.790039,1366.939941,1366.939941,3654860000,4/23/2012,1366.939941,0.425107543,888535953.6
4/24/2012,1366.969971,1375.569946,1366.819946,1371.969971,1371.969971,3617100000,4/24/2012,1371.969971,0.396245321,913083815.5
4/25/2012,1372.109985,1391.369995,1372.109985,1390.689941,1390.689941,3998430000,4/25/2012,1390.689941,0.431299042,2110801541
4/26/2012,1390.640015,1402.089966,1387.280029,1399.97998,1399.97998,4034700000,4/26/2012,1399.97998,0.440532015,2269777815
4/27/2012,1400.189941,1406.640015,1397.310059,1403.359985,1403.359985,3645830000,4/27/2012,1403.359985,0.430271156,1934055832
4/30/2012,1403.26001,1403.26001,1394,1397.910034,1397.910034,3574010000,4/30/2012,1397.910034,0.426573934,1624605079
5/1/2012,1397.859985,1415.319946,1395.72998,1405.819946,1405.819946,3807950000,5/1/2012,1405.819946,0.426657166,1751590438
5/2/2012,1405.5,1405.5,1393.920044,1402.310059,1402.310059,3803860000,5/2/2012,1402.310059,0.449407761,1795486806
5/3/2012,1402.319946,1403.069946,1388.709961,1391.569946,1391.569946,4004910000,5/3/2012,1391.569946,0.440656552,1326585749
5/4/2012,1391.51001,1391.51001,1367.959961,1369.099976,1369.099976,3975140000,5/4/2012,1369.099976,0.437688094,850668974.7
5/7/2012,1368.790039,1373.910034,1363.939941,1369.579956,1369.579956,3559390000,5/7/2012,1369.579956,0.423449667,902222296.4
5/8/2012,1369.160034,1369.160034,1347.75,1363.719971,1363.719971,4261670000,5/8/2012,1363.719971,0.456115884,710820417.3
5/9/2012,1363.199951,1363.72998,1343.130005,1354.579956,1354.579956,4288540000,5/9/2012,1354.579956,0.452375884,568596383
5/10/2012,1354.579956,1365.880005,1354.579956,1357.98999,1357.98999,3727990000,5/10/2012,1357.98999,0.439342352,631565006.1
5/11/2012,1358.109985,1365.660034,1348.890015,1353.390015,1353.390015,3869070000,5/11/2012,1353.390015,0.432141801,555886856.2
5/14/2012,1351.930054,1351.930054,1336.609985,1338.349976,1338.349976,3688120000,5/14/2012,1338.349976,0.421752483,89135534.32
5/15/2012,1338.359985,1344.939941,1328.410034,1330.660034,1330.660034,4114040000,5/15/2012,1330.660034,0.459140055,-125631970
5/16/2012,1330.780029,1341.780029,1324.790039,1324.800049,1324.800049,4280420000,5/16/2012,1324.800049,0.436529127,-417011821.9
5/17/2012,1324.819946,1326.359985,1304.859985,1304.859985,1304.859985,4664280000,5/17/2012,1304.859985,0.415799241,-846538042.9
5/18/2012,1305.050049,1312.23999,1291.97998,1295.219971,1295.219971,4512470000,5/18/2012,1295.219971,0.440721534,-672969511.1
5/21/2012,1295.72998,1316.390015,1295.72998,1315.98999,1315.98999,3786750000,5/21/2012,1315.98999,0.445945362,499777733.5
5/22/2012,1316.089966,1328.48999,1310.040039,1316.630005,1316.630005,4123680000,5/22/2012,1316.630005,0.457411629,552166197.2
5/23/2012,1316.02002,1320.709961,1296.530029,1318.859985,1318.859985,4108330000,5/23/2012,1318.859985,0.463389227,786423702.1
5/24/2012,1318.719971,1324.140015,1310.5,1320.680054,1320.680054,3937670000,5/24/2012,1320.680054,0.462337076,756275096.2
5/25/2012,1320.810059,1324.199951,1314.22998,1317.819946,1317.819946,2872660000,5/25/2012,1317.819946,0.445284396,522648606.2
5/29/2012,1318.900024,1334.930054,1318.900024,1332.420044,1332.420044,3441640000,5/29/2012,1332.420044,0.439826623,893471034.9
5/30/2012,1331.25,1331.25,1310.76001,1313.319946,1313.319946,3534290000,5/30/2012,1313.319946,0.468596491,739225067.9
5/31/2012,1313.089966,1319.73999,1298.900024,1310.329956,1310.329956,4557620000,5/31/2012,1310.329956,0.468427965,705360324.2
6/1/2012,1309.869995,1309.869995,1277.25,1278.040039,1278.040039,4669350000,6/1/2012,1278.040039,0.468815591,3285451.832
6/4/2012,1278.290039,1282.550049,1266.73999,1278.180054,1278.180054,4011960000,6/4/2012,1278.180054,0.432496989,112625048.2
6/5/2012,1277.819946,1287.619995,1274.160034,1285.5,1285.5,3403230000,6/5/2012,1285.5,0.459361236,227443359.2
6/6/2012,1285.609985,1315.130005,1285.609985,1315.130005,1315.130005,4268360000,6/6/2012,1315.130005,0.438660675,917404043.8
6/7/2012,1316.150024,1329.050049,1312.680054,1314.98999,1314.98999,4258140000,6/7/2012,1314.98999,0.436467687,911195352.8
6/8/2012,1314.98999,1325.810059,1307.77002,1325.660034,1325.660034,3497190000,6/8/2012,1325.660034,0.455917017,1092349772
6/11/2012,1325.719971,1335.52002,1307.72998,1308.930054,1308.930054,3537530000,6/11/2012,1308.930054,0.481044704,600860582.8
6/12/2012,1309.400024,1324.310059,1306.619995,1324.180054,1324.180054,3442920000,6/12/2012,1324.180054,0.468450448,1002291727
6/13/2012,1324.02002,1327.280029,1310.51001,1314.880005,1314.880005,3506510000,6/13/2012,1314.880005,0.493658776,621053228.7
6/14/2012,1314.880005,1333.680054,1314.140015,1329.099976,1329.099976,3687720000,6/14/2012,1329.099976,0.457117961,853414513.5
6/15/2012,1329.189941,1343.319946,1329.189941,1342.839966,1342.839966,4401570000,6/15/2012,1342.839966,0.427043167,1585847555
6/18/2012,1342.420044,1348.219971,1334.459961,1344.780029,1344.780029,3259430000,6/18/2012,1344.780029,0.436562891,1378484206
6/19/2012,1344.829956,1363.459961,1344.829956,1357.97998,1357.97998,3815350000,6/19/2012,1357.97998,0.436885852,1699864261
6/20/2012,1358.040039,1361.569946,1346.449951,1355.689941,1355.689941,3695700000,6/20/2012,1355.689941,0.423884939,1642282374
6/21/2012,1355.430054,1358.27002,1324.410034,1325.51001,1325.51001,4094470000,6/21/2012,1325.51001,0.452301117,815506214.8
6/22/2012,1325.920044,1337.819946,1325.920044,1335.02002,1335.02002,5271490000,6/22/2012,1335.02002,0.450756703,1173714562
6/25/2012,1334.900024,1334.900024,1309.27002,1313.719971,1313.719971,3501820000,6/25/2012,1313.719971,0.441823368,733649453.6
6/26/2012,1314.089966,1324.23999,1310.300049,1319.98999,1319.98999,3412940000,6/26/2012,1319.98999,0.448756455,909516188.4
6/27/2012,1320.709961,1334.400024,1320.709961,1331.849976,1331.849976,3286910000,6/27/2012,1331.849976,0.426649003,1115174392
6/28/2012,1331.52002,1331.52002,1313.290039,1329.040039,1329.040039,3969370000,6/28/2012,1329.040039,0.440783954,812546271.5
6/29/2012,1330.119995,1362.170044,1330.119995,1362.160034,1362.160034,4590480000,6/29/2012,1362.160034,0.413237977,1807855816
7/2/2012,1362.329956,1366.349976,1355.699951,1365.51001,1365.51001,3301650000,7/2/2012,1365.51001,0.41260613,2077705972
7/3/2012,1365.75,1374.810059,1363.530029,1374.02002,1374.02002,2116390000,7/3/2012,1374.02002,0.390983426,2456658031
7/5/2012,1373.719971,1373.849976,1363.02002,1367.579956,1367.579956,3041520000,7/5/2012,1367.579956,0.426481375,2473469808
7/6/2012,1367.089966,1367.089966,1348.030029,1354.680054,1354.680054,2745140000,7/6/2012,1354.680054,0.436077109,1796281207
7/9/2012,1354.660034,1354.869995,1346.650024,1352.459961,1352.459961,2904860000,7/9/2012,1352.459961,0.420280883,1985662005
7/10/2012,1352.959961,1361.540039,1336.27002,1341.469971,1341.469971,3470600000,7/10/2012,1341.469971,0.442497694,1586232703
7/11/2012,1341.400024,1345,1333.25,1341.449951,1341.449951,3426290000,7/11/2012,1341.449951,0.420722684,1449572893
7/12/2012,1341.290039,1341.290039,1325.410034,1334.76001,1334.76001,3654440000,7/12/2012,1334.76001,0.43242149,1098347662
7/13/2012,1334.810059,1357.699951,1334.810059,1356.780029,1356.780029,3212930000,7/13/2012,1356.780029,0.440963266,2028145543
7/16/2012,1356.5,1357.26001,1348.51001,1353.640015,1353.640015,2862720000,7/16/2012,1353.640015,0.436274487,2062023144
7/17/2012,1353.680054,1365.359985,1345.069946,1363.670044,1363.670044,3566680000,7/17/2012,1363.670044,0.451430094,2418730699
7/18/2012,1363.579956,1375.26001,1358.959961,1372.780029,1372.780029,3642630000,7/18/2012,1372.780029,0.436626683,2553132550
7/19/2012,1373.01001,1380.390015,1371.209961,1376.51001,1376.51001,4043360000,7/19/2012,1376.51001,0.441872417,3097865785
7/20/2012,1376.51001,1376.51001,1362.189941,1362.660034,1362.660034,3925020000,7/20/2012,1362.660034,0.464460912,1379986328
7/23/2012,1362.339966,1362.339966,1337.560059,1350.52002,1350.52002,3717180000,7/23/2012,1350.52002,0.443219106,0
7/24/2012,1350.52002,1351.530029,1329.23999,1338.310059,1338.310059,3891290000,7/24/2012,1338.310059,0.431072307,983971321.8
7/25/2012,1338.349976,1343.97998,1331.5,1337.890015,1337.890015,3719170000,7/25/2012,1337.890015,0.430702935,553912048.5
7/26/2012,1338.170044,1363.130005,1338.170044,1360.02002,1360.02002,4429300000,7/26/2012,1360.02002,0.421724382,1114339576
7/27/2012,1360.050049,1389.189941,1360.050049,1385.969971,1385.969971,4399010000,7/27/2012,1385.969971,0.424714183,1817831830
7/30/2012,1385.939941,1391.73999,1381.369995,1385.300049,1385.300049,3212060000,7/30/2012,1385.300049,0.42843743,2068297483
7/31/2012,1385.27002,1387.160034,1379.170044,1379.319946,1379.319946,3821570000,7/31/2012,1379.319946,0.428534496,2210392334
8/1/2012,1379.319946,1385.030029,1373.349976,1375.319946,1375.319946,4440920000,8/1/2012,1375.319946,0.457858839,1938954423
8/2/2012,1375.130005,1375.130005,1354.650024,1365,1365,4193740000,8/2/2012,1365,0.464333809,1726903125
8/3/2012,1365.449951,1394.160034,1365.449951,1390.98999,1390.98999,3751170000,8/3/2012,1390.98999,0.39010512,2366858966
8/6/2012,1391.040039,1399.630005,1391.040039,1394.22998,1394.22998,3122050000,8/6/2012,1394.22998,0.423803255,2600155257
8/7/2012,1394.459961,1407.140015,1394.459961,1401.349976,1401.349976,3682490000,8/7/2012,1401.349976,0.411675816,2868172572
8/8/2012,1401.22998,1404.140015,1396.130005,1402.219971,1402.219971,3221790000,8/8/2012,1402.219971,0.426888444,2724860533
8/9/2012,1402.26001,1405.949951,1398.800049,1402.800049,1402.800049,3119610000,8/9/2012,1402.800049,0.439394958,2589509366
8/10/2012,1402.579956,1405.97998,1395.619995,1405.869995,1405.869995,2767980000,8/10/2012,1405.869995,0.428783068,2574028859
8/13/2012,1405.869995,1405.869995,1397.319946,1404.109985,1404.109985,2499990000,8/13/2012,1404.109985,0.446491402,2715897940
8/14/2012,1404.359985,1410.030029,1400.599976,1403.930054,1403.930054,2930900000,8/14/2012,1403.930054,0.429194893,2876834424
8/15/2012,1403.890015,1407.72998,1401.829956,1405.530029,1405.530029,2655750000,8/15/2012,1405.530029,0.432183217,2773023612
8/16/2012,1405.569946,1417.439941,1404.150024,1415.51001,1415.51001,3114100000,8/16/2012,1415.51001,0.426202142,3426865148
8/17/2012,1415.839966,1418.709961,1414.670044,1418.160034,1418.160034,2922990000,8/17/2012,1418.160034,0.398142173,4028299817
8/20/2012,1417.849976,1418.130005,1412.119995,1418.130005,1418.130005,2766320000,8/20/2012,1418.130005,0.413355168,2348409048
8/21/2012,1418.130005,1426.680054,1410.859985,1413.170044,1413.170044,3282950000,8/21/2012,1413.170044,0.418816398,2116768543
8/22/2012,1413.089966,1416.119995,1406.780029,1413.48999,1413.48999,3062690000,8/22/2012,1413.48999,0.408271923,2470160728
8/23/2012,1413.48999,1413.48999,1400.5,1402.079956,1402.079956,3008240000,8/23/2012,1402.079956,0.433467765,2093397740
8/24/2012,1401.98999,1413.459961,1398.040039,1411.130005,1411.130005,2598790000,8/24/2012,1411.130005,0.412609669,2162075949
8/27/2012,1411.130005,1416.170044,1409.109985,1410.439941,1410.439941,2472500000,8/27/2012,1410.439941,0.438513389,2402914524
8/28/2012,1410.439941,1413.630005,1405.589966,1409.300049,1409.300049,2629090000,8/28/2012,1409.300049,0.4472684,2444897531
8/29/2012,1409.319946,1413.949951,1406.569946,1410.48999,1410.48999,2571220000,8/29/2012,1410.48999,0.448131541,2450773599
8/30/2012,1410.079956,1410.079956,1397.01001,1399.47998,1399.47998,2530280000,8/30/2012,1399.47998,0.451028754,1713438839
8/31/2012,1400.069946,1413.089966,1398.959961,1406.579956,1406.579956,2938250000,8/31/2012,1406.579956,0.44626046,2159856181
9/4/2012,1406.540039,1409.310059,1396.560059,1404.939941,1404.939941,3200310000,9/4/2012,1404.939941,0.445828301,2366329795
9/5/2012,1404.939941,1408.810059,1401.25,1403.439941,1403.439941,3389110000,9/5/2012,1403.439941,0.450946787,2184889898
9/6/2012,1403.73999,1432.119995,1403.73999,1432.119995,1432.119995,3952870000,9/6/2012,1432.119995,0.421909518,3383251558
9/7/2012,1432.119995,1437.920044,1431.449951,1437.920044,1437.920044,3717620000,9/7/2012,1437.920044,0.420361162,3213127405
9/10/2012,1437.920044,1438.73999,1428.97998,1429.079956,1429.079956,3223670000,9/10/2012,1429.079956,0.39850468,2688557354
9/11/2012,1429.130005,1437.76001,1429.130005,1433.560059,1433.560059,3509630000,9/11/2012,1433.560059,0.383374847,2751129284
9/12/2012,1433.560059,1439.150024,1432.98999,1436.560059,1436.560059,3641200000,9/12/2012,1436.560059,0.400705097,3143426309
9/13/2012,1436.560059,1463.76001,1435.339966,1459.98999,1459.98999,4606550000,9/13/2012,1459.98999,0.391469653,4501792815
9/14/2012,1460.069946,1474.51001,1460.069946,1465.77002,1465.77002,5041990000,9/14/2012,1465.77002,0.396847554,4079191869
9/17/2012,1465.420044,1465.630005,1457.550049,1461.189941,1461.189941,3482430000,9/17/2012,1461.189941,0.365391474,4194673587
9/18/2012,1461.189941,1461.469971,1456.130005,1459.319946,1459.319946,3377390000,9/18/2012,1459.319946,0.391424471,4348508722
9/19/2012,1459.5,1465.150024,1457.880005,1461.050049,1461.050049,3451360000,9/19/2012,1461.050049,0.418005806,4606321235
9/20/2012,1461.050049,1461.22998,1449.97998,1460.26001,1460.26001,3382520000,9/20/2012,1460.26001,0.399077405,4242811907
9/21/2012,1460.339966,1467.069946,1459.51001,1460.150024,1460.150024,4833870000,9/21/2012,1460.150024,0.397216762,8992652051
9/24/2012,1459.76001,1460.719971,1452.060059,1456.890015,1456.890015,3008920000,9/24/2012,1456.890015,0.393883691,2637542456
9/25/2012,1456.939941,1463.23999,1441.589966,1441.589966,1441.589966,3739900000,9/25/2012,1441.589966,0.383623414,1826144998
9/26/2012,1441.599976,1441.599976,1430.530029,1433.319946,1433.319946,3565380000,9/26/2012,1433.319946,0.363140164,1336101729
9/27/2012,1433.359985,1450.199951,1433.359985,1447.150024,1447.150024,3150330000,9/27/2012,1447.150024,0.379371729,2572778274
9/28/2012,1447.130005,1447.130005,1435.599976,1440.670044,1440.670044,3509230000,9/28/2012,1440.670044,0.416806076,2174491589
10/1/2012,1440.900024,1457.140015,1440.900024,1444.48999,1444.48999,3505080000,10/1/2012,1444.48999,0.344328363,2058078578
10/2/2012,1444.98999,1451.52002,1439.01001,1445.75,1445.75,3321790000,10/2/2012,1445.75,0.350350177,2019845363
10/3/2012,1446.050049,1454.300049,1441.98999,1450.98999,1450.98999,3531640000,10/3/2012,1450.98999,0.380016048,2751403325
10/4/2012,1451.079956,1463.140015,1451.079956,1461.400024,1461.400024,3615860000,10/4/2012,1461.400024,0.378389136,2875956470
10/5/2012,1461.400024,1470.959961,1456.890015,1460.930054,1460.930054,3172940000,10/5/2012,1460.930054,0.342700141,2276244807
10/8/2012,1460.930054,1460.930054,1453.099976,1455.880005,1455.880005,2328720000,10/8/2012,1455.880005,0.337064299,1914155683
10/9/2012,1455.900024,1455.900024,1441.180054,1441.47998,1441.47998,3216320000,10/9/2012,1441.47998,0.337286422,1529584845
10/10/2012,1441.47998,1442.52002,1430.640015,1432.560059,1432.560059,3225060000,10/10/2012,1432.560059,0.381649494,1585118598
10/11/2012,1432.819946,1443.900024,1432.819946,1432.839966,1432.839966,3672540000,10/11/2012,1432.839966,0.365228725,1166712069
10/12/2012,1432.839966,1438.430054,1425.530029,1428.589966,1428.589966,3134750000,10/12/2012,1428.589966,0.366631872,1366428443
10/15/2012,1428.75,1441.310059,1427.23999,1440.130005,1440.130005,3483810000,10/15/2012,1440.130005,0.411180976,1799022345
10/16/2012,1440.310059,1455.51001,1440.310059,1454.920044,1454.920044,3568770000,10/16/2012,1454.920044,0.416879436,2792940189
10/17/2012,1454.219971,1462.199951,1453.349976,1460.910034,1460.910034,3655320000,10/17/2012,1460.910034,0.417818503,2882740928
10/18/2012,1460.939941,1464.02002,1452.630005,1457.339966,1457.339966,3880030000,10/18/2012,1457.339966,0.399641532,2166631598
10/19/2012,1457.339966,1457.339966,1429.849976,1433.189941,1433.189941,3875170000,10/19/2012,1433.189941,0.403053872,-1220488013
10/22/2012,1433.209961,1435.459961,1422.060059,1433.819946,1433.819946,3216220000,10/22/2012,1433.819946,0.395740612,1365092477
10/23/2012,1433.73999,1433.73999,1407.560059,1413.109985,1413.109985,3587670000,10/23/2012,1413.109985,0.404109969,856531693.2
10/24/2012,1413.199951,1420.040039,1407.099976,1408.75,1408.75,3385970000,10/24/2012,1408.75,0.392615667,827957147.3
10/25/2012,1409.73999,1421.119995,1405.140015,1412.969971,1412.969971,3512640000,10/25/2012,1412.969971,0.390722067,887952897.6
10/26/2012,1412.969971,1417.089966,1403.280029,1411.939941,1411.939941,3284910000,10/26/2012,1411.939941,0.397319071,869165396.4
10/31/2012,1410.98999,1418.76001,1405.949951,1412.160034,1412.160034,3577110000,10/31/2012,1412.160034,0.400017221,787647145.9
11/1/2012,1412.199951,1428.349976,1412.199951,1427.589966,1427.589966,3929890000,11/1/2012,1427.589966,0.380985792,1278333551
11/2/2012,1427.589966,1434.27002,1412.910034,1414.199951,1414.199951,3732480000,11/2/2012,1414.199951,0.388379188,745669691.6
11/5/2012,1414.02002,1419.900024,1408.130005,1417.26001,1417.26001,2921040000,11/5/2012,1417.26001,0.392869034,937015288.1
11/6/2012,1417.26001,1433.380005,1417.26001,1428.390015,1428.390015,3306970000,11/6/2012,1428.390015,0.389892473,1282215428
11/7/2012,1428.27002,1428.27002,1388.140015,1394.530029,1394.530029,4356490000,11/7/2012,1394.530029,0.391995173,-61573416.8
11/8/2012,1394.530029,1401.22998,1377.51001,1377.51001,1377.51001,3779520000,11/8/2012,1377.51001,0.356132958,-640365601
11/9/2012,1377.550049,1391.390015,1373.030029,1379.849976,1379.849976,3647350000,11/9/2012,1379.849976,0.382497814,-183459819.1
11/12/2012,1379.859985,1384.869995,1377.189941,1380.030029,1380.030029,2567540000,11/12/2012,1380.030029,0.414913835,-161566654.4
11/13/2012,1380.030029,1388.810059,1371.390015,1374.530029,1374.530029,3455550000,11/13/2012,1374.530029,0.389635452,-326649444.6
11/14/2012,1374.640015,1380.130005,1352.5,1355.48999,1355.48999,4109510000,11/14/2012,1355.48999,0.395428264,-896279282.6
11/15/2012,1355.410034,1360.619995,1348.050049,1353.329956,1353.329956,3928870000,11/15/2012,1353.329956,0.366305334,-1064663260
11/16/2012,1353.359985,1362.030029,1343.349976,1359.880005,1359.880005,4045910000,11/16/2012,1359.880005,0.377838216,-902628346.3
11/19/2012,1359.880005,1386.890015,1359.880005,1386.890015,1386.890015,3374800000,11/19/2012,1386.890015,0.443029488,833108848.5
11/20/2012,1386.819946,1389.77002,1377.040039,1387.810059,1387.810059,3207160000,11/20/2012,1387.810059,0.431524734,936082158.7
11/21/2012,1387.790039,1391.25,1386.390015,1391.030029,1391.030029,2667090000,11/21/2012,1391.030029,0.399549763,1074233865
11/23/2012,1391.030029,1409.160034,1391.030029,1409.150024,1409.150024,1504960000,11/23/2012,1409.150024,0.409276923,1285954949
11/26/2012,1409.150024,1409.150024,1397.680054,1406.290039,1406.290039,2948960000,11/26/2012,1406.290039,0.425649864,1489869809
11/27/2012,1406.290039,1409.01001,1398.030029,1398.939941,1398.939941,3323120000,11/27/2012,1398.939941,0.415660896,1195461959
11/28/2012,1398.77002,1410.310059,1385.430054,1409.930054,1409.930054,3359250000,11/28/2012,1409.930054,0.399101262,1458462714
11/29/2012,1409.959961,1419.699951,1409.040039,1415.949951,1415.949951,3356850000,11/29/2012,1415.949951,0.419258483,1966128578
11/30/2012,1415.949951,1418.859985,1411.630005,1416.180054,1416.180054,3966000000,11/30/2012,1416.180054,0.405114081,1462041483
12/3/2012,1416.339966,1423.72998,1408.459961,1409.459961,1409.459961,3074280000,12/3/2012,1409.459961,0.422903465,1319254401
12/4/2012,1409.459961,1413.140015,1403.650024,1407.050049,1407.050049,3247710000,12/4/2012,1407.050049,0.381616436,987939253.4
12/5/2012,1407.050049,1415.560059,1398.22998,1409.280029,1409.280029,4253920000,12/5/2012,1409.280029,0.365733717,619549268.3
12/6/2012,1409.430054,1413.949951,1405.930054,1413.939941,1413.939941,3229700000,12/6/2012,1413.939941,0.39073447,863020317.7
12/7/2012,1413.949951,1420.339966,1410.900024,1418.069946,1418.069946,3125160000,12/7/2012,1418.069946,0.401575058,999761409.6
12/10/2012,1418.069946,1421.640015,1415.640015,1418.550049,1418.550049,2999430000,12/10/2012,1418.550049,0.382850504,962073908
12/11/2012,1418.550049,1434.27002,1418.550049,1427.839966,1427.839966,3650230000,12/11/2012,1427.839966,0.397593329,1410736639
12/12/2012,1427.839966,1438.589966,1426.76001,1428.47998,1428.47998,3709050000,12/12/2012,1428.47998,0.398400604,1379685820
12/13/2012,1428.47998,1431.359985,1416,1419.449951,1419.449951,3349960000,12/13/2012,1419.449951,0.387779499,898420939.1
12/14/2012,1419.449951,1419.449951,1411.880005,1413.579956,1413.579956,3210170000,12/14/2012,1413.579956,0.366796552,757602274.7
12/17/2012,1413.540039,1430.670044,1413.540039,1430.359985,1430.359985,3455610000,12/17/2012,1430.359985,0.365082383,1349747637
12/18/2012,1430.469971,1448,1430.469971,1446.790039,1446.790039,4302240000,12/18/2012,1446.790039,0.399599833,2143409968
12/19/2012,1446.790039,1447.75,1435.800049,1435.810059,1435.810059,3869800000,12/19/2012,1435.810059,0.398091049,1711681838
12/20/2012,1435.810059,1443.699951,1432.819946,1443.689941,1443.689941,3686580000,12/20/2012,1443.689941,0.389809177,1798995793
12/21/2012,1443.670044,1443.670044,1422.579956,1430.150024,1430.150024,5229160000,12/21/2012,1430.150024,0.399590542,867379053
12/24/2012,1430.150024,1430.150024,1424.660034,1426.660034,1426.660034,1248960000,12/24/2012,1426.660034,0.375662081,874452741.7
12/26/2012,1426.660034,1429.420044,1416.430054,1419.829956,1419.829956,2285030000,12/26/2012,1419.829956,0.366132149,589989445
12/27/2012,1419.829956,1422.800049,1401.800049,1418.099976,1418.099976,2830180000,12/27/2012,1418.099976,0.382920621,648806625.4
12/28/2012,1418.099976,1418.099976,1401.579956,1402.430054,1402.430054,2426680000,12/28/2012,1402.430054,0.373180034,313374576.4
12/31/2012,1402.430054,1426.73999,1398.109985,1426.189941,1426.189941,3204330000,12/31/2012,1426.189941,0.367612702,1037372986
1/2/2013,1426.189941,1462.430054,1426.189941,1462.420044,1462.420044,4202600000,1/2/2013,1462.420044,0.408387181,2271946220
1/3/2013,1462.420044,1465.469971,1455.530029,1459.369995,1459.369995,3829730000,1/3/2013,1459.369995,0.411084207,2115151899
1/4/2013,1459.369995,1467.939941,1458.98999,1466.469971,1466.469971,3424290000,1/4/2013,1466.469971,0.40085829,1927021354
1/7/2013,1466.469971,1466.469971,1456.619995,1461.890015,1461.890015,3304970000,1/7/2013,1461.890015,0.421020455,1824539135
1/8/2013,1461.890015,1461.890015,1451.640015,1457.150024,1457.150024,3601600000,1/8/2013,1457.150024,0.426407822,1687059848
1/9/2013,1457.150024,1464.72998,1457.150024,1461.02002,1461.02002,3674390000,1/9/2013,1461.02002,0.401299174,1692440459
1/10/2013,1461.02002,1472.300049,1461.02002,1472.119995,1472.119995,4081840000,1/10/2013,1472.119995,0.406521893,2165222550
1/11/2013,1472.119995,1472.75,1467.579956,1472.050049,1472.050049,3340650000,1/11/2013,1472.050049,0.406955007,2151586355
1/14/2013,1472.050049,1472.050049,1465.689941,1470.680054,1470.680054,3003010000,1/14/2013,1470.680054,0.396407187,1948029763
1/15/2013,1470.670044,1473.310059,1463.76001,1472.339966,1472.339966,3135350000,1/15/2013,1472.339966,0.37745356,1915405615
1/16/2013,1472.329956,1473.959961,1467.599976,1472.630005,1472.630005,3384080000,1/16/2013,1472.630005,0.400468816,2252665999
1/17/2013,1472.630005,1485.160034,1472.630005,1480.939941,1480.939941,3706710000,1/17/2013,1480.939941,0.405456103,2797809460
1/18/2013,1480.949951,1485.97998,1475.810059,1485.97998,1485.97998,3795740000,1/18/2013,1485.97998,0.420186392,6626065505
1/22/2013,1485.97998,1492.560059,1481.160034,1492.560059,1492.560059,3570950000,1/22/2013,1492.560059,0.404837828,1401035800
1/23/2013,1492.560059,1496.130005,1489.900024,1494.810059,1494.810059,3552010000,1/23/2013,1494.810059,0.399654611,1660669631
1/24/2013,1494.810059,1502.27002,1489.459961,1494.819946,1494.819946,3699430000,1/24/2013,1494.819946,0.370458006,1217452162
1/25/2013,1494.819946,1503.26001,1494.819946,1502.959961,1502.959961,3476290000,1/25/2013,1502.959961,0.387115124,1416846845
1/28/2013,1502.959961,1503.22998,1496.329956,1500.180054,1500.180054,3388540000,1/28/2013,1500.180054,0.384003017,1414172221
1/29/2013,1500.180054,1509.349976,1498.089966,1507.839966,1507.839966,3949640000,1/29/2013,1507.839966,0.420941389,1650243399
1/30/2013,1507.839966,1509.939941,1500.109985,1501.959961,1501.959961,3726810000,1/30/2013,1501.959961,0.416475716,1556969383
1/31/2013,1501.959961,1504.189941,1496.76001,1498.109985,1498.109985,3999880000,1/31/2013,1498.109985,0.405991965,1367683606
2/1/2013,1498.109985,1514.410034,1498.109985,1513.170044,1513.170044,3836320000,2/1/2013,1513.170044,0.402749968,1695589833
2/4/2013,1513.170044,1513.170044,1495.02002,1495.709961,1495.709961,3390000000,2/4/2013,1495.709961,0.407471645,1254710706
2/5/2013,1495.709961,1514.959961,1495.709961,1511.290039,1511.290039,3618360000,2/5/2013,1511.290039,0.406997345,1926419295
2/6/2013,1511.290039,1512.530029,1504.709961,1512.119995,1512.119995,3611570000,2/6/2013,1512.119995,0.429158792,1949501493
2/7/2013,1512.119995,1512.900024,1498.48999,1509.390015,1509.390015,3614580000,2/7/2013,1509.390015,0.423840104,1949395995
2/8/2013,1509.390015,1518.310059,1509.390015,1517.930054,1517.930054,2986150000,2/8/2013,1517.930054,0.423994382,2096700652
2/11/2013,1517.930054,1518.310059,1513.609985,1517.01001,1517.01001,2684100000,2/11/2013,1517.01001,0.414464852,2184319610
2/12/2013,1517.01001,1522.290039,1515.609985,1519.430054,1519.430054,3414370000,2/12/2013,1519.430054,0.405188321,2128303103
2/13/2013,1519.430054,1524.689941,1515.930054,1520.329956,1520.329956,3385880000,2/13/2013,1520.329956,0.389954765,2012236679
2/14/2013,1520.329956,1523.140015,1514.02002,1521.380005,1521.380005,3759740000,2/14/2013,1521.380005,0.399621358,2161505360
2/15/2013,1521.380005,1524.23999,1514.140015,1519.790039,1519.790039,3838510000,2/15/2013,1519.790039,0.410504046,3158968729
2/19/2013,1519.790039,1530.939941,1519.790039,1530.939941,1530.939941,3748910000,2/19/2013,1530.939941,0.379329583,1430542182
2/20/2013,1530.939941,1530.939941,1511.410034,1511.949951,1511.949951,4240570000,2/20/2013,1511.949951,0.395198082,901839165.4
2/21/2013,1511.949951,1511.949951,1497.290039,1502.420044,1502.420044,4274600000,2/21/2013,1502.420044,0.405178056,636557388.3
2/22/2013,1502.420044,1515.640015,1502.420044,1515.599976,1515.599976,3419320000,2/22/2013,1515.599976,0.406510613,1110694539
2/25/2013,1515.599976,1525.839966,1487.849976,1487.849976,1487.849976,4011050000,2/25/2013,1487.849976,0.415833681,497996620.9
2/26/2013,1487.849976,1498.98999,1485.01001,1496.939941,1496.939941,3975280000,2/26/2013,1496.939941,0.415661366,703611705.5
2/27/2013,1496.939941,1520.079956,1494.880005,1515.98999,1515.98999,3551850000,2/27/2013,1515.98999,0.392456962,1152475464
2/28/2013,1515.98999,1525.339966,1514.459961,1514.680054,1514.680054,3912320000,2/28/2013,1514.680054,0.403155987,1011455334
3/1/2013,1514.680054,1519.98999,1501.47998,1518.199951,1518.199951,3695610000,3/1/2013,1518.199951,0.408234946,1083855995
3/4/2013,1518.199951,1525.27002,1512.290039,1525.199951,1525.199951,3414430000,3/4/2013,1525.199951,0.39259849,1277802650
3/5/2013,1525.199951,1543.469971,1525.199951,1539.790039,1539.790039,3610690000,3/5/2013,1539.790039,0.383489399,1813447358
3/6/2013,1539.790039,1545.25,1538.109985,1541.459961,1541.459961,3676890000,3/6/2013,1541.459961,0.385603996,1775448595
3/7/2013,1541.459961,1545.780029,1541.459961,1544.26001,1544.26001,3634710000,3/7/2013,1544.26001,0.389067617,1938120444
3/8/2013,1544.26001,1552.47998,1542.939941,1551.180054,1551.180054,3652260000,3/8/2013,1551.180054,0.397392913,2029533964
3/11/2013,1551.150024,1556.27002,1547.359985,1556.219971,1556.219971,3091080000,3/11/2013,1556.219971,0.387688585,2215985844
3/12/2013,1556.219971,1556.77002,1548.23999,1552.47998,1552.47998,3274910000,3/12/2013,1552.47998,0.402901503,2029782455
3/13/2013,1552.47998,1556.390015,1548.25,1554.52002,1554.52002,3073830000,3/13/2013,1554.52002,0.3943232,2035305643
3/14/2013,1554.52002,1563.319946,1554.52002,1563.22998,1563.22998,3459260000,3/14/2013,1563.22998,0.386227489,2384814339
3/15/2013,1563.209961,1563.619995,1555.73999,1560.699951,1560.699951,5175850000,3/15/2013,1560.699951,0.410386141,2732773146
3/18/2013,1560.699951,1560.699951,1545.130005,1552.099976,1552.099976,3164560000,3/18/2013,1552.099976,0.436842036,1528451777
3/19/2013,1552.099976,1557.25,1538.569946,1548.339966,1548.339966,3796210000,3/19/2013,1548.339966,0.417850272,1409105595
3/20/2013,1548.339966,1561.560059,1548.339966,1558.709961,1558.709961,3349090000,3/20/2013,1558.709961,0.388587693,1629524132
3/21/2013,1558.709961,1558.709961,1543.550049,1545.800049,1545.800049,3243270000,3/21/2013,1545.800049,0.423769703,1325773175
3/22/2013,1545.900024,1557.73999,1545.900024,1556.890015,1556.890015,2948380000,3/22/2013,1556.890015,0.404141075,1582114581
3/25/2013,1556.890015,1564.910034,1546.219971,1551.689941,1551.689941,3178170000,3/25/2013,1551.689941,0.414668312,1550581124
3/26/2013,1551.689941,1563.949951,1551.689941,1563.77002,1563.77002,2869260000,3/26/2013,1563.77002,0.410085849,1809272038
3/27/2013,1563.75,1564.069946,1551.900024,1562.849976,1562.849976,2914210000,3/27/2013,1562.849976,0.416105318,1578964435
3/28/2013,1562.859985,1570.280029,1561.079956,1569.189941,1569.189941,3304440000,3/28/2013,1569.189941,0.394636595,1650093772
4/1/2013,1569.180054,1570.569946,1558.469971,1562.170044,1562.170044,2753110000,4/1/2013,1562.170044,0.39988148,1365443736
4/2/2013,1562.170044,1573.660034,1562.170044,1570.25,1570.25,3312160000,4/2/2013,1570.25,0.377484083,1550558952
4/3/2013,1570.25,1571.469971,1549.800049,1553.689941,1553.689941,4060610000,4/3/2013,1553.689941,0.409943716,1119758894
4/4/2013,1553.689941,1562.599976,1552.52002,1559.97998,1559.97998,3350670000,4/4/2013,1559.97998,0.412178942,1155685835
4/5/2013,1559.97998,1559.97998,1539.5,1553.280029,1553.280029,3515410000,4/5/2013,1553.280029,0.430148959,1141106496
4/8/2013,1553.26001,1563.069946,1548.630005,1563.069946,1563.069946,2887120000,4/8/2013,1563.069946,0.403979361,1399732049
4/9/2013,1563.109985,1573.890015,1560.920044,1568.609985,1568.609985,3252780000,4/9/2013,1568.609985,0.410513299,1604924734
4/10/2013,1568.609985,1589.069946,1568.609985,1587.72998,1587.72998,3453350000,4/10/2013,1587.72998,0.402280746,2294226793
4/11/2013,1587.72998,1597.349976,1586.170044,1593.369995,1593.369995,3393950000,4/11/2013,1593.369995,0.390854995,2329480018
4/12/2013,1593.300049,1593.300049,1579.969971,1588.849976,1588.849976,3206290000,4/12/2013,1588.849976,0.406331973,1925042270
4/15/2013,1588.839966,1588.839966,1552.280029,1552.359985,1552.359985,4660130000,4/15/2013,1552.359985,0.406749219,902992199.6
4/16/2013,1552.359985,1575.349976,1552.359985,1574.569946,1574.569946,3654700000,4/16/2013,1574.569946,0.411591273,1566200614
4/17/2013,1574.569946,1574.569946,1543.689941,1552.01001,1552.01001,4250310000,4/17/2013,1552.01001,0.407342837,777019262.5
4/18/2013,1552.030029,1554.380005,1536.030029,1541.609985,1541.609985,3890800000,4/18/2013,1541.609985,0.415606575,503583947.9
4/19/2013,1541.609985,1555.890015,1539.400024,1555.25,1555.25,3569870000,4/19/2013,1555.25,0.408835466,750723711
4/22/2013,1555.25,1565.550049,1548.189941,1562.5,1562.5,2979880000,4/22/2013,1562.5,0.396855827,947228816.5
4/23/2013,1562.5,1579.579956,1562.5,1578.780029,1578.780029,3565150000,4/23/2013,1578.780029,0.400387153,1386724474
4/24/2013,1578.780029,1583,1575.800049,1578.790039,1578.790039,3598240000,4/24/2013,1578.790039,0.382758186,1466741214
4/25/2013,1578.930054,1592.640015,1578.930054,1585.160034,1585.160034,3908580000,4/25/2013,1585.160034,0.386076715,1681493449
4/26/2013,1585.160034,1585.780029,1577.560059,1582.23999,1582.23999,3198620000,4/26/2013,1582.23999,0.373328429,1502013028
4/29/2013,1582.339966,1596.650024,1582.339966,1593.609985,1593.609985,2891200000,4/29/2013,1593.609985,0.380110962,1856562178
4/30/2013,1593.579956,1597.569946,1586.5,1597.569946,1597.569946,3745070000,4/30/2013,1597.569946,0.384629535,2135090389
5/1/2013,1597.550049,1597.550049,1581.280029,1582.699951,1582.699951,3530320000,5/1/2013,1582.699951,0.380459329,1687783146
5/2/2013,1582.77002,1598.599976,1582.77002,1597.589966,1597.589966,3366950000,5/2/2013,1597.589966,0.399661397,2289253436
5/3/2013,1597.599976,1618.459961,1597.599976,1614.420044,1614.420044,3603910000,5/3/2013,1614.420044,0.382530763,2453689953
5/6/2013,1614.400024,1619.77002,1614.209961,1617.5,1617.5,3062240000,5/6/2013,1617.5,0.402811688,2756639152
5/7/2013,1617.550049,1626.030029,1616.640015,1625.959961,1625.959961,3309580000,5/7/2013,1625.959961,0.398131858,2910772777
5/8/2013,1625.949951,1632.780029,1622.699951,1632.689941,1632.689941,3554700000,5/8/2013,1632.689941,0.395805549,3211023041
5/9/2013,1632.689941,1635.01001,1623.089966,1626.670044,1626.670044,3457400000,5/9/2013,1626.670044,0.408071215,2563892777
5/10/2013,1626.689941,1633.699951,1623.709961,1633.699951,1633.699951,3086470000,5/10/2013,1633.699951,0.406451395,2620733449
5/13/2013,1632.099976,1636,1626.73999,1633.77002,1633.77002,2910600000,5/13/2013,1633.77002,0.406053616,2748305811
5/14/2013,1633.75,1651.099976,1633.75,1650.339966,1650.339966,3457790000,5/14/2013,1650.339966,0.383586226,2879428730
5/15/2013,1649.130005,1661.48999,1646.680054,1658.780029,1658.780029,3657440000,5/15/2013,1658.780029,0.368617405,2736143054
5/16/2013,1658.069946,1660.51001,1648.599976,1650.469971,1650.469971,3513130000,5/16/2013,1650.469971,0.397763258,2746670894
5/17/2013,1652.449951,1667.469971,1652.449951,1667.469971,1667.469971,3440710000,5/17/2013,1667.469971,0.395275729,3970036804
5/20/2013,1665.709961,1672.839966,1663.52002,1666.290039,1666.290039,3275080000,5/20/2013,1666.290039,0.39390887,2137041043
5/21/2013,1666.199951,1674.930054,1662.670044,1669.160034,1669.160034,3513560000,5/21/2013,1669.160034,0.388424331,2116746522
5/22/2013,1669.390015,1687.180054,1648.859985,1655.349976,1655.349976,4361020000,5/22/2013,1655.349976,0.408875833,1806341653
5/23/2013,1651.619995,1655.5,1635.530029,1650.51001,1650.51001,3945510000,5/23/2013,1650.51001,0.411155456,1666748853
5/24/2013,1646.670044,1649.780029,1636.880005,1649.599976,1649.599976,2758080000,5/24/2013,1649.599976,0.418170317,1749411797
5/28/2013,1652.630005,1674.209961,1652.630005,1660.060059,1660.060059,3457400000,5/28/2013,1660.060059,0.405660355,1954441083
5/29/2013,1656.569946,1656.569946,1640.050049,1648.359985,1648.359985,3587140000,5/29/2013,1648.359985,0.420451691,1736273532
5/30/2013,1649.140015,1661.910034,1648.609985,1654.410034,1654.410034,3498620000,5/30/2013,1654.410034,0.426907294,2045155899
5/31/2013,1652.130005,1658.98999,1630.73999,1630.73999,1630.73999,4099600000,5/31/2013,1630.73999,0.422519147,1419013389
6/3/2013,1631.709961,1640.420044,1622.719971,1640.420044,1640.420044,3952070000,6/3/2013,1640.420044,0.41265714,1647953791
6/4/2013,1640.72998,1646.530029,1623.619995,1631.380005,1631.380005,3653840000,6/4/2013,1631.380005,0.439063213,1487625373
6/5/2013,1629.050049,1629.310059,1607.089966,1608.900024,1608.900024,3632350000,6/5/2013,1608.900024,0.433239313,893997563
6/6/2013,1609.290039,1622.560059,1598.22998,1622.560059,1622.560059,3547380000,6/6/2013,1622.560059,0.42861058,1055721641
6/7/2013,1625.27002,1644.400024,1625.27002,1643.380005,1643.380005,3371990000,6/7/2013,1643.380005,0.417191493,1726009306
6/10/2013,1644.670044,1648.689941,1639.26001,1642.810059,1642.810059,2978730000,6/10/2013,1642.810059,0.417005677,1692453823
6/11/2013,1638.640015,1640.130005,1622.920044,1626.130005,1626.130005,3435710000,6/11/2013,1626.130005,0.422938307,1203284654
6/12/2013,1629.939941,1637.709961,1610.920044,1612.52002,1612.52002,3202550000,6/12/2013,1612.52002,0.429577889,707890185.4
6/13/2013,1612.150024,1639.25,1608.069946,1636.359985,1636.359985,3378620000,6/13/2013,1636.359985,0.42316032,1477448651
6/14/2013,1635.52002,1640.800049,1623.959961,1626.72998,1626.72998,2939400000,6/14/2013,1626.72998,0.431183512,1155781374
6/17/2013,1630.640015,1646.5,1630.339966,1639.040039,1639.040039,3137080000,6/17/2013,1639.040039,0.395961526,1574185595
6/18/2013,1639.77002,1654.189941,1639.77002,1651.810059,1651.810059,3120980000,6/18/2013,1651.810059,0.422241156,1947783870
6/19/2013,1651.829956,1652.449951,1628.910034,1628.930054,1628.930054,3545060000,6/19/2013,1628.930054,0.454881305,1138762909
6/20/2013,1624.619995,1624.619995,1584.319946,1588.189941,1588.189941,4858850000,6/20/2013,1588.189941,0.468162029,-279175960
6/21/2013,1588.619995,1599.189941,1577.699951,1592.430054,1592.430054,5797280000,6/21/2013,1592.430054,0.440914232,-54882471.22
6/24/2013,1588.77002,1588.77002,1560.329956,1573.089966,1573.089966,4733660000,6/24/2013,1573.089966,0.389948627,76233882.1
6/25/2013,1577.52002,1593.790039,1577.089966,1588.030029,1588.030029,3761170000,6/25/2013,1588.030029,0.404326808,389026318.5
6/26/2013,1592.27002,1606.829956,1592.27002,1603.26001,1603.26001,3558340000,6/26/2013,1603.26001,0.41748937,687597620.7
6/27/2013,1606.439941,1620.069946,1606.439941,1613.199951,1613.199951,3364540000,6/27/2013,1613.199951,0.422762284,899620819
6/28/2013,1611.119995,1615.939941,1601.060059,1606.280029,1606.280029,4977190000,6/28/2013,1606.280029,0.398370106,811382195
7/1/2013,1609.780029,1626.609985,1609.780029,1614.959961,1614.959961,3104690000,7/1/2013,1614.959961,0.398038719,1155132966
7/2/2013,1614.290039,1624.26001,1606.77002,1614.079956,1614.079956,3317130000,7/2/2013,1614.079956,0.426264202,1284225673
7/3/2013,1611.47998,1618.969971,1604.569946,1615.410034,1615.410034,1966050000,7/3/2013,1615.410034,0.388393621,1354734716
7/5/2013,1618.650024,1632.069946,1614.709961,1631.890015,1631.890015,2634140000,7/5/2013,1631.890015,0.422657369,1485672074
7/8/2013,1634.199951,1644.680054,1634.199951,1640.459961,1640.459961,3514590000,7/8/2013,1640.459961,0.411377503,1653232959
7/9/2013,1642.890015,1654.180054,1642.890015,1652.319946,1652.319946,3155360000,7/9/2013,1652.319946,0.399287486,2140508423
7/10/2013,1651.560059,1657.920044,1647.660034,1652.619995,1652.619995,3011010000,7/10/2013,1652.619995,0.422498517,2121698645
7/11/2013,1657.410034,1676.630005,1657.410034,1675.02002,1675.02002,3446340000,7/11/2013,1675.02002,0.400344708,2988606969
7/12/2013,1675.26001,1680.189941,1672.329956,1680.189941,1680.189941,3039070000,7/12/2013,1680.189941,0.406724665,2598071655
7/15/2013,1679.589966,1684.51001,1677.890015,1682.5,1682.5,2623200000,7/15/2013,1682.5,0.389100498,2713007549
7/16/2013,1682.699951,1683.72998,1671.839966,1676.26001,1676.26001,3081710000,7/16/2013,1676.26001,0.392956597,2634835611
7/17/2013,1677.910034,1684.75,1677.910034,1680.910034,1680.910034,3153440000,7/17/2013,1680.910034,0.405943391,2787976285
7/18/2013,1681.050049,1693.119995,1681.050049,1689.369995,1689.369995,3452370000,7/18/2013,1689.369995,0.395381324,3046790412
7/19/2013,1686.150024,1692.089966,1684.079956,1692.089966,1692.089966,3302580000,7/19/2013,1692.089966,0.408125996,2857092845
7/22/2013,1694.410034,1697.609985,1690.670044,1695.530029,1695.530029,2779130000,7/22/2013,1695.530029,0.402270073,1920383728
7/23/2013,1696.630005,1698.780029,1691.130005,1692.390015,1692.390015,3096180000,7/23/2013,1692.390015,0.383448387,1832454312
7/24/2013,1696.060059,1698.380005,1682.569946,1685.939941,1685.939941,3336120000,7/24/2013,1685.939941,0.405334802,2046120906
7/25/2013,1685.209961,1690.939941,1680.069946,1690.25,1690.25,3322500000,7/25/2013,1690.25,0.389338675,2170527191
7/26/2013,1687.310059,1691.849976,1676.030029,1691.650024,1691.650024,2762770000,7/26/2013,1691.650024,0.408254244,2149890288
7/29/2013,1690.319946,1690.920044,1681.859985,1685.329956,1685.329956,2840520000,7/29/2013,1685.329956,0.414334412,2130309225
7/30/2013,1687.920044,1693.189941,1682.420044,1685.959961,1685.959961,3320530000,7/30/2013,1685.959961,0.400847462,2240419715
7/31/2013,1687.76001,1698.430054,1684.939941,1685.72998,1685.72998,3847390000,7/31/2013,1685.72998,0.401066697,2152088714
8/1/2013,1689.420044,1707.849976,1689.420044,1706.869995,1706.869995,3775170000,8/1/2013,1706.869995,0.396481434,2960832856
8/2/2013,1706.099976,1709.670044,1700.680054,1709.670044,1709.670044,3136630000,8/2/2013,1709.670044,0.406785315,2776034068
8/5/2013,1708.01001,1709.23999,1703.550049,1707.140015,1707.140015,2529300000,8/5/2013,1707.140015,0.421547922,2846494849
8/6/2013,1705.790039,1705.790039,1693.290039,1697.369995,1697.369995,3141210000,8/6/2013,1697.369995,0.421423546,2631509966
8/7/2013,1695.300049,1695.300049,1684.910034,1690.910034,1690.910034,3010230000,8/7/2013,1690.910034,0.417691669,2346350690
8/8/2013,1693.349976,1700.180054,1688.380005,1697.47998,1697.47998,3271660000,8/8/2013,1697.47998,0.405643463,2245622631
8/9/2013,1696.099976,1699.420044,1686.02002,1691.420044,1691.420044,2957670000,8/9/2013,1691.420044,0.412346719,2136793038
8/12/2013,1688.369995,1691.48999,1683.349976,1689.469971,1689.469971,2789160000,8/12/2013,1689.469971,0.413041699,2401742438
8/13/2013,1690.650024,1696.810059,1682.619995,1694.160034,1694.160034,3035560000,8/13/2013,1694.160034,0.436397166,2711543896
8/14/2013,1693.880005,1695.52002,1684.829956,1685.390015,1685.390015,2871430000,8/14/2013,1685.390015,0.446252999,2445016036
8/15/2013,1679.609985,1679.609985,1658.589966,1661.319946,1661.319946,3426690000,8/15/2013,1661.319946,0.444900309,1669476020
8/16/2013,1661.219971,1663.599976,1652.609985,1655.829956,1655.829956,3211450000,8/16/2013,1655.829956,0.443468493,2338838186
8/19/2013,1655.25,1659.180054,1645.839966,1646.060059,1646.060059,2904530000,8/19/2013,1646.060059,0.431692856,1379648544
8/20/2013,1646.810059,1658.920044,1646.079956,1652.349976,1652.349976,2994090000,8/20/2013,1652.349976,0.420550035,1345939716
8/21/2013,1650.660034,1656.98999,1639.430054,1642.800049,1642.800049,2932180000,8/21/2013,1642.800049,0.452575025,1174798614
8/22/2013,1645.030029,1659.550049,1645.030029,1656.959961,1656.959961,2537460000,8/22/2013,1656.959961,0.403792705,1662727396
8/23/2013,1659.920044,1664.849976,1654.810059,1663.5,1663.5,2582670000,8/23/2013,1663.5,0.44046208,1709225804
8/26/2013,1664.290039,1669.51001,1656.02002,1656.780029,1656.780029,2430670000,8/26/2013,1656.780029,0.41176324,1605595524
8/27/2013,1652.540039,1652.540039,1629.050049,1630.47998,1630.47998,3219190000,8/27/2013,1630.47998,0.434131029,791502274.3
8/28/2013,1630.25,1641.180054,1627.469971,1634.959961,1634.959961,2784010000,8/28/2013,1634.959961,0.409052798,951027892.2
8/29/2013,1633.5,1646.410034,1630.880005,1638.170044,1638.170044,2527550000,8/29/2013,1638.170044,0.454436907,971156153.5
8/30/2013,1638.890015,1640.079956,1628.050049,1632.969971,1632.969971,2734300000,8/30/2013,1632.969971,0.472330238,1001314529
9/3/2013,1635.949951,1651.349976,1633.410034,1639.77002,1639.77002,3731610000,9/3/2013,1639.77002,0.447016837,1183103985
9/4/2013,1640.719971,1655.719971,1637.410034,1653.079956,1653.079956,3312150000,9/4/2013,1653.079956,0.417623749,1776313535
9/5/2013,1653.280029,1659.170044,1653.069946,1655.079956,1655.079956,2957110000,9/5/2013,1655.079956,0.424549501,1782870862
9/6/2013,1657.439941,1664.829956,1640.619995,1655.170044,1655.170044,3123880000,9/6/2013,1655.170044,0.421621133,1653462872
9/9/2013,1656.849976,1672.400024,1656.849976,1671.709961,1671.709961,3102780000,9/9/2013,1671.709961,0.39155695,2274653493
9/10/2013,1675.109985,1684.089966,1675.109985,1683.98999,1683.98999,3691800000,9/10/2013,1683.98999,0.398333643,2576588963
9/11/2013,1681.040039,1689.130005,1678.699951,1689.130005,1689.130005,3135460000,9/11/2013,1689.130005,0.399407117,2346433142
9/12/2013,1689.209961,1689.969971,1681.959961,1683.420044,1683.420044,3106290000,9/12/2013,1683.420044,0.410144666,2181373339
9/13/2013,1685.040039,1688.72998,1682.219971,1687.98999,1687.98999,2736500000,9/13/2013,1687.98999,0.408249604,2205509099
9/16/2013,1691.699951,1704.949951,1691.699951,1697.599976,1697.599976,3079800000,9/16/2013,1697.599976,0.383937106,2386111654
9/17/2013,1697.72998,1705.52002,1697.72998,1704.76001,1704.76001,2774240000,9/17/2013,1704.76001,0.406312614,2684242849
9/18/2013,1705.73999,1729.439941,1700.349976,1725.52002,1725.52002,3989760000,9/18/2013,1725.52002,0.410992385,3627666469
9/19/2013,1727.339966,1729.859985,1720.199951,1722.339966,1722.339966,3740130000,9/19/2013,1722.339966,0.406220742,3805889548
9/20/2013,1722.439941,1725.22998,1708.890015,1709.910034,1709.910034,5074030000,9/20/2013,1709.910034,0.432773194,2536299853
9/23/2013,1711.439941,1711.439941,1697.099976,1701.839966,1701.839966,3126950000,9/23/2013,1701.839966,0.411561719,2114650916
9/24/2013,1702.599976,1707.630005,1694.900024,1697.420044,1697.420044,3268930000,9/24/2013,1697.420044,0.424946788,2038456669
9/25/2013,1698.02002,1701.709961,1691.880005,1692.77002,1692.77002,3148730000,9/25/2013,1692.77002,0.408926297,1684992316
9/26/2013,1694.050049,1703.849976,1693.109985,1698.670044,1698.670044,2813930000,9/26/2013,1698.670044,0.401253508,2101622949
9/27/2013,1695.52002,1695.52002,1687.109985,1691.75,1691.75,2951700000,9/27/2013,1691.75,0.423958363,1766952529
9/30/2013,1687.26001,1687.26001,1674.98999,1681.550049,1681.550049,3308630000,9/30/2013,1681.550049,0.443370839,1460209188
10/1/2013,1682.410034,1696.550049,1682.069946,1695,1695,3238690000,10/1/2013,1695,0.430851554,2035874512
10/2/2013,1691.900024,1693.869995,1680.339966,1693.869995,1693.869995,3148600000,10/2/2013,1693.869995,0.430642636,2193522497
10/3/2013,1692.349976,1692.349976,1670.359985,1678.660034,1678.660034,3279650000,10/3/2013,1678.660034,0.44804537,1515364604
10/4/2013,1678.790039,1691.939941,1677.329956,1690.5,1690.5,2880270000,10/4/2013,1690.5,0.409511128,1839688209
10/7/2013,1687.150024,1687.150024,1674.699951,1676.119995,1676.119995,2678490000,10/7/2013,1676.119995,0.425328125,1576608398
10/8/2013,1676.219971,1676.790039,1655.030029,1655.449951,1655.449951,3569230000,10/8/2013,1655.449951,0.42596544,762661447.3
10/9/2013,1656.98999,1662.469971,1646.469971,1656.400024,1656.400024,3577840000,10/9/2013,1656.400024,0.423213622,834789865.3
10/10/2013,1660.880005,1692.560059,1660.880005,1692.560059,1692.560059,3362300000,10/10/2013,1692.560059,0.421183348,2230495944
10/11/2013,1691.089966,1703.439941,1688.52002,1703.199951,1703.199951,2944670000,10/11/2013,1703.199951,0.426664865,2456435617
10/14/2013,1699.859985,1711.030029,1692.130005,1710.140015,1710.140015,2580580000,10/14/2013,1710.140015,0.418106983,2783516305
10/15/2013,1709.170044,1711.569946,1695.930054,1698.060059,1698.060059,3327740000,10/15/2013,1698.060059,0.430754104,2519133439
10/16/2013,1700.48999,1721.76001,1700.48999,1721.540039,1721.540039,3486180000,10/16/2013,1721.540039,0.396051897,3558499759
10/17/2013,1720.170044,1733.449951,1714.119995,1733.150024,1733.150024,3453590000,10/17/2013,1733.150024,0.420038518,4029832847
10/18/2013,1736.719971,1745.310059,1735.73999,1744.5,1744.5,3664890000,10/18/2013,1744.5,0.424057408,4287596555
10/21/2013,1745.199951,1747.790039,1740.670044,1744.660034,1744.660034,3052710000,10/21/2013,1744.660034,0.412007973,2808464285
10/22/2013,1746.47998,1759.329956,1746.47998,1754.670044,1754.670044,3850840000,10/22/2013,1754.670044,0.392491946,2982924995
10/23/2013,1752.27002,1752.27002,1740.5,1746.380005,1746.380005,3713380000,10/23/2013,1746.380005,0.420586285,2786054898
10/24/2013,1747.47998,1753.939941,1745.5,1752.069946,1752.069946,3671700000,10/24/2013,1752.069946,0.385371619,3255629464
10/25/2013,1756.01001,1759.819946,1752.449951,1759.77002,1759.77002,3175720000,10/25/2013,1759.77002,0.399745166,2869357925
10/28/2013,1759.420044,1764.98999,1757.670044,1762.109985,1762.109985,3282300000,10/28/2013,1762.109985,0.401925818,3059092043
10/29/2013,1762.930054,1772.089966,1762.930054,1771.949951,1771.949951,3358460000,10/29/2013,1771.949951,0.406360344,3285994990
10/30/2013,1772.27002,1775.219971,1757.23999,1763.310059,1763.310059,3523040000,10/30/2013,1763.310059,0.41552413,3256834202
10/31/2013,1763.23999,1768.530029,1755.719971,1756.540039,1756.540039,3826530000,10/31/2013,1756.540039,0.429896433,2951160387
11/1/2013,1758.699951,1765.670044,1752.699951,1761.640015,1761.640015,3686290000,11/1/2013,1761.640015,0.430589773,2906370322
11/4/2013,1763.400024,1768.780029,1761.560059,1767.930054,1767.930054,3194870000,11/4/2013,1767.930054,0.411233224,3293255724
11/5/2013,1765.670044,1767.030029,1755.76001,1762.969971,1762.969971,3516680000,11/5/2013,1762.969971,0.446061715,3265316468
11/6/2013,1765,1773.73999,1764.400024,1770.48999,1770.48999,3322100000,11/6/2013,1770.48999,0.424633985,3080946452
11/7/2013,1770.73999,1774.540039,1746.199951,1747.150024,1747.150024,4143200000,11/7/2013,1747.150024,0.434519709,1903308227
11/8/2013,1748.369995,1770.780029,1747.630005,1770.609985,1770.609985,3837170000,11/8/2013,1770.609985,0.431594975,3111511632
11/11/2013,1769.959961,1773.439941,1767.849976,1771.890015,1771.890015,2534060000,11/11/2013,1771.890015,0.438949507,3364552921
11/12/2013,1769.51001,1771.780029,1762.290039,1767.689941,1767.689941,3221030000,11/12/2013,1767.689941,0.436024933,3368004995
11/13/2013,1764.369995,1782,1760.640015,1782,1782,3327480000,11/13/2013,1782,0.419536661,4067621766
11/14/2013,1782.75,1791.530029,1780.219971,1790.619995,1790.619995,3139060000,11/14/2013,1790.619995,0.40775455,4794814780
11/15/2013,1790.660034,1798.219971,1790.660034,1798.180054,1798.180054,3254820000,11/15/2013,1798.180054,0.42240951,8992653342
11/18/2013,1798.819946,1802.329956,1788,1791.530029,1791.530029,3168520000,11/18/2013,1791.530029,0.408628579,2835570682
11/19/2013,1790.790039,1795.51001,1784.719971,1787.869995,1787.869995,3224450000,11/19/2013,1787.869995,0.419945415,2767207107
11/20/2013,1789.589966,1795.72998,1777.22998,1781.369995,1781.369995,3109140000,11/20/2013,1781.369995,0.421091768,2486394789
11/21/2013,1783.52002,1797.160034,1783.52002,1795.849976,1795.849976,3256630000,11/21/2013,1795.849976,0.400147464,3356118593
11/22/2013,1797.209961,1804.839966,1794.699951,1804.76001,1804.76001,3055140000,11/22/2013,1804.76001,0.407608962,3145394124
11/25/2013,1806.329956,1808.099976,1800.579956,1802.47998,1802.47998,2998540000,11/25/2013,1802.47998,0.408742391,3292174085
11/26/2013,1802.869995,1808.420044,1800.77002,1802.75,1802.75,3427120000,11/26/2013,1802.75,0.415059277,3617975325
11/27/2013,1803.47998,1808.27002,1802.77002,1807.22998,1807.22998,2613590000,11/27/2013,1807.22998,0.419096216,3987753580
11/29/2013,1808.689941,1813.550049,1803.97998,1805.810059,1805.810059,1598300000,11/29/2013,1805.810059,0.426885763,3444613413
12/2/2013,1806.550049,1810.02002,1798.599976,1800.900024,1800.900024,3095430000,12/2/2013,1800.900024,0.428374452,3278404003
12/3/2013,1800.099976,1800.099976,1787.849976,1795.150024,1795.150024,3475680000,12/3/2013,1795.150024,0.420988583,3286298542
12/4/2013,1793.150024,1799.800049,1779.089966,1792.810059,1792.810059,3610540000,12/4/2013,1792.810059,0.418821936,3193857130
12/5/2013,1792.819946,1792.819946,1783.380005,1785.030029,1785.030029,3336880000,12/5/2013,1785.030029,0.441306477,3073566263
12/6/2013,1788.359985,1806.040039,1788.359985,1805.089966,1805.089966,3150030000,12/6/2013,1805.089966,0.417095547,3297554976
12/9/2013,1806.209961,1811.52002,1806.209961,1808.369995,1808.369995,3129500000,12/9/2013,1808.369995,0.388848226,3572390277
12/10/2013,1807.599976,1808.52002,1801.75,1802.619995,1802.619995,3117150000,12/10/2013,1802.619995,0.398716583,3421665868
12/11/2013,1802.76001,1802.969971,1780.089966,1782.219971,1782.219971,3472240000,12/11/2013,1782.219971,0.408032742,2536896424
12/12/2013,1781.709961,1782.98999,1772.280029,1775.5,1775.5,3306640000,12/12/2013,1775.5,0.410604038,2134729063
12/13/2013,1777.97998,1780.920044,1772.449951,1775.319946,1775.319946,3061070000,12/13/2013,1775.319946,0.394281521,2364107653
12/16/2013,1777.47998,1792.219971,1777.47998,1786.540039,1786.540039,3209890000,12/16/2013,1786.540039,0.387877357,2874626086
12/17/2013,1786.469971,1786.77002,1777.050049,1781,1781,3270030000,12/17/2013,1781,0.401373565,2634988474
12/18/2013,1781.459961,1811.079956,1767.98999,1810.650024,1810.650024,4327770000,12/18/2013,1810.650024,0.401640142,3687882175
12/19/2013,1809,1810.880005,1801.349976,1809.599976,1809.599976,3497210000,12/19/2013,1809.599976,0.408457289,3724679477
12/20/2013,1810.390015,1823.75,1810.25,1818.319946,1818.319946,5097700000,12/20/2013,1818.319946,0.41545642,3811039241
12/23/2013,1822.920044,1829.75,1822.920044,1827.98999,1827.98999,2851540000,12/23/2013,1827.98999,0.395686053,3704257573
12/24/2013,1828.02002,1833.319946,1828.02002,1833.319946,1833.319946,1307630000,12/24/2013,1833.319946,0.396378597,3799201088
12/26/2013,1834.959961,1842.839966,1834.959961,1842.02002,1842.02002,1982270000,12/26/2013,1842.02002,0.39799816,4196222305
12/27/2013,1842.969971,1844.890015,1839.810059,1841.400024,1841.400024,2052920000,12/27/2013,1841.400024,0.41625426,3545838527
12/30/2013,1841.469971,1842.469971,1838.77002,1841.069946,1841.069946,2293860000,12/30/2013,1841.069946,0.406697002,3456429700
12/31/2013,1842.609985,1849.439941,1842.410034,1848.359985,1848.359985,2312840000,12/31/2013,1848.359985,0.406297186,3979567665
1/2/2014,1845.859985,1845.859985,1827.73999,1831.97998,1831.97998,3080600000,1/2/2014,1831.97998,0.411625648,3233602611
1/3/2014,1833.209961,1838.23999,1829.130005,1831.369995,1831.369995,2774270000,1/3/2014,1831.369995,0.411462272,3156026148
1/6/2014,1832.310059,1837.160034,1823.72998,1826.77002,1826.77002,3294850000,1/6/2014,1826.77002,0.39921723,3073982747
1/7/2014,1828.709961,1840.099976,1828.709961,1837.880005,1837.880005,3511750000,1/7/2014,1837.880005,0.390529719,3558199212
1/8/2014,1837.900024,1840.02002,1831.400024,1837.48999,1837.48999,3652140000,1/8/2014,1837.48999,0.386079947,3495712892
1/9/2014,1839,1843.22998,1830.380005,1838.130005,1838.130005,3581150000,1/9/2014,1838.130005,0.404745042,3197764688
1/10/2014,1840.060059,1843.150024,1832.430054,1842.369995,1842.369995,3335710000,1/10/2014,1842.369995,0.397266456,3349076788
1/13/2014,1841.26001,1843.449951,1815.52002,1819.199951,1819.199951,3591350000,1/13/2014,1819.199951,0.412152084,2571161520
1/14/2014,1821.359985,1839.26001,1821.359985,1838.880005,1838.880005,3353270000,1/14/2014,1838.880005,0.393536879,3680276302
1/15/2014,1840.52002,1850.839966,1840.52002,1848.380005,1848.380005,3777800000,1/15/2014,1848.380005,0.386070971,4670518810
1/16/2014,1847.98999,1847.98999,1840.300049,1845.890015,1845.890015,3491310000,1/16/2014,1845.890015,0.407258009,4455651523
1/17/2014,1844.22998,1846.040039,1835.22998,1838.699951,1838.699951,3626120000,1/17/2014,1838.699951,0.426788265,6659403315
1/21/2014,1841.050049,1849.310059,1832.380005,1843.800049,1843.800049,3782470000,1/21/2014,1843.800049,0.369254822,1862992117
1/22/2014,1844.709961,1846.869995,1840.880005,1844.859985,1844.859985,3374170000,1/22/2014,1844.859985,0.400514873,2022280825
1/23/2014,1842.290039,1842.290039,1820.060059,1828.459961,1828.459961,3972250000,1/23/2014,1828.459961,0.400968323,1948769890
1/24/2014,1826.959961,1826.959961,1790.290039,1790.290039,1790.290039,4618450000,1/24/2014,1790.290039,0.410183419,848504907.4
1/27/2014,1791.030029,1795.97998,1772.880005,1781.560059,1781.560059,4045200000,1/27/2014,1781.560059,0.377788743,723387099.5
1/28/2014,1783,1793.869995,1779.48999,1792.5,1792.5,3437830000,1/28/2014,1792.5,0.390695823,566026371.9
1/29/2014,1790.150024,1790.150024,1770.449951,1774.199951,1774.199951,3964020000,1/29/2014,1774.199951,0.417754038,51709785.92
1/30/2014,1777.170044,1798.77002,1777.170044,1794.189941,1794.189941,3547510000,1/30/2014,1794.189941,0.376620032,748438976
1/31/2014,1790.880005,1793.880005,1772.26001,1782.589966,1782.589966,4059690000,1/31/2014,1782.589966,0.407178132,652137832.9
2/3/2014,1782.680054,1784.829956,1739.660034,1741.890015,1741.890015,4726040000,2/3/2014,1741.890015,0.430096555,52837557.11
2/4/2014,1743.819946,1758.72998,1743.819946,1755.199951,1755.199951,4068410000,2/4/2014,1755.199951,0.402792837,594399936.9
2/5/2014,1753.380005,1755.790039,1737.920044,1751.640015,1751.640015,3984290000,2/5/2014,1751.640015,0.396992305,643492161.9
2/6/2014,1752.98999,1774.060059,1752.98999,1773.430054,1773.430054,3825410000,2/6/2014,1773.430054,0.391452324,1025194524
2/7/2014,1776.01001,1798.030029,1776.01001,1797.02002,1797.02002,3775990000,2/7/2014,1797.02002,0.408045304,1539174332
2/10/2014,1796.199951,1799.939941,1791.829956,1799.839966,1799.839966,3312160000,2/10/2014,1799.839966,0.405556957,1873837557
2/11/2014,1800.449951,1823.540039,1800.410034,1819.75,1819.75,3699380000,2/11/2014,1819.75,0.38922699,2608222600
2/12/2014,1820.119995,1826.550049,1815.969971,1819.26001,1819.26001,3326380000,2/12/2014,1819.26001,0.418906987,2512528019
2/13/2014,1814.819946,1830.25,1809.219971,1829.829956,1829.829956,3289510000,2/13/2014,1829.829956,0.393441643,3280151418
2/14/2014,1828.459961,1841.650024,1825.589966,1838.630005,1838.630005,3114750000,2/14/2014,1838.630005,0.396713426,2897209184
2/18/2014,1839.030029,1842.869995,1835.01001,1840.76001,1840.76001,3421110000,2/18/2014,1840.76001,0.409099067,3050590370
2/19/2014,1838.900024,1847.5,1826.98999,1828.75,1828.75,3661570000,2/19/2014,1828.75,0.421331273,2272262445
2/20/2014,1829.23999,1842.790039,1824.579956,1839.780029,1839.780029,3404980000,2/20/2014,1839.780029,0.39376951,2566340508
2/21/2014,1841.069946,1846.130005,1835.599976,1836.25,1836.25,3403880000,2/21/2014,1836.25,0.415673062,4893273030
2/24/2014,1836.780029,1858.709961,1836.780029,1847.609985,1847.609985,4014530000,2/24/2014,1847.609985,0.388094141,2002411289
2/25/2014,1847.660034,1852.910034,1840.189941,1845.119995,1845.119995,3515560000,2/25/2014,1845.119995,0.402800978,1916112478
2/26/2014,1845.790039,1852.650024,1840.660034,1845.160034,1845.160034,3716730000,2/26/2014,1845.160034,0.407612729,1836029613
2/27/2014,1844.900024,1854.530029,1841.130005,1854.290039,1854.290039,3547460000,2/27/2014,1854.290039,0.398701102,2712761017
2/28/2014,1855.119995,1867.920044,1847.670044,1859.449951,1859.449951,3917450000,2/28/2014,1859.449951,0.411558587,2323670119
3/3/2014,1857.680054,1857.680054,1834.439941,1845.72998,1845.72998,3428220000,3/3/2014,1845.72998,0.43235068,2003281572
3/4/2014,1849.22998,1876.22998,1849.22998,1873.910034,1873.910034,3765770000,3/4/2014,1873.910034,0.399170306,3173693596
3/5/2014,1874.050049,1876.530029,1871.109985,1873.810059,1873.810059,3392990000,3/5/2014,1873.810059,0.410746722,3271993871
3/6/2014,1874.180054,1881.939941,1874.180054,1877.030029,1877.030029,3360450000,3/6/2014,1877.030029,0.410707602,3274715012
3/7/2014,1878.52002,1883.569946,1870.560059,1878.040039,1878.040039,3564740000,3/7/2014,1878.040039,0.416443113,2850310922
3/10/2014,1877.859985,1877.869995,1867.040039,1877.170044,1877.170044,3021350000,3/10/2014,1877.170044,0.419935794,2874824762
3/11/2014,1878.26001,1882.349976,1863.880005,1867.630005,1867.630005,3392400000,3/11/2014,1867.630005,0.418294428,2736183550
3/12/2014,1866.150024,1868.380005,1854.380005,1868.199951,1868.199951,3270860000,3/12/2014,1868.199951,0.401850019,2787095407
3/13/2014,1869.060059,1874.400024,1841.859985,1846.339966,1846.339966,3670990000,3/13/2014,1846.339966,0.422458839,1336951309
3/14/2014,1845.069946,1852.439941,1839.569946,1841.130005,1841.130005,3285460000,3/14/2014,1841.130005,0.394080908,1391763131
3/17/2014,1842.810059,1862.300049,1842.810059,1858.829956,1858.829956,2860490000,3/17/2014,1858.829956,0.400936257,2116702885
3/18/2014,1858.920044,1873.76001,1858.920044,1872.25,1872.25,2930190000,3/18/2014,1872.25,0.397201537,2955825734
3/19/2014,1872.25,1874.140015,1850.349976,1860.77002,1860.77002,3289210000,3/19/2014,1860.77002,0.443469575,2415947756
3/20/2014,1860.089966,1873.48999,1854.630005,1872.01001,1872.01001,3327540000,3/20/2014,1872.01001,0.420561905,2907602191
3/21/2014,1874.530029,1883.969971,1863.459961,1866.52002,1866.52002,5270710000,3/21/2014,1866.52002,0.420882359,3500669616
3/24/2014,1867.670044,1873.339966,1849.689941,1857.439941,1857.439941,3409000000,3/24/2014,1857.439941,0.405004631,1986958876
3/25/2014,1859.47998,1871.869995,1855.959961,1865.619995,1865.619995,3200560000,3/25/2014,1865.619995,0.401020919,2407590954
3/26/2014,1867.089966,1875.920044,1852.560059,1852.560059,1852.560059,3480850000,3/26/2014,1852.560059,0.38862145,1754256007
3/27/2014,1852.109985,1855.550049,1842.109985,1849.040039,1849.040039,3733430000,3/27/2014,1849.040039,0.386546851,1526244129
3/28/2014,1850.069946,1866.630005,1850.069946,1857.619995,1857.619995,2955520000,3/28/2014,1857.619995,0.399139712,1962187746
3/31/2014,1859.160034,1875.180054,1859.160034,1872.339966,1872.339966,3274300000,3/31/2014,1872.339966,0.403332331,2328624776
4/1/2014,1873.959961,1885.839966,1873.959961,1885.52002,1885.52002,3336190000,4/1/2014,1885.52002,0.377560743,3081006169
4/2/2014,1886.609985,1893.170044,1883.790039,1890.900024,1890.900024,3131660000,4/2/2014,1890.900024,0.393700703,3401790301
4/3/2014,1891.430054,1893.800049,1882.650024,1888.77002,1888.77002,3055600000,4/3/2014,1888.77002,0.398267834,2940714472
4/4/2014,1890.25,1897.280029,1863.26001,1865.089966,1865.089966,3583750000,4/4/2014,1865.089966,0.393144099,2013603940
4/7/2014,1863.920044,1864.040039,1841.47998,1845.040039,1845.040039,3801540000,4/7/2014,1845.040039,0.377136926,1358003838
4/8/2014,1845.47998,1854.949951,1837.48999,1851.959961,1851.959961,3721450000,4/8/2014,1851.959961,0.368940772,1661234775
4/9/2014,1852.640015,1872.430054,1852.380005,1872.180054,1872.180054,3308650000,4/9/2014,1872.180054,0.378247264,2738803475
4/10/2014,1872.280029,1872.530029,1830.869995,1833.079956,1833.079956,3758780000,4/10/2014,1833.079956,0.41778861,966310075.7
4/11/2014,1830.650024,1835.069946,1814.359985,1815.689941,1815.689941,3743460000,4/11/2014,1815.689941,0.393054594,738014044.6
4/14/2014,1818.180054,1834.189941,1815.800049,1830.609985,1830.609985,3111540000,4/14/2014,1830.609985,0.403437508,1404560181
4/15/2014,1831.449951,1844.02002,1816.290039,1842.97998,1842.97998,3736440000,4/15/2014,1842.97998,0.408854458,1783456308
4/16/2014,1846.01001,1862.310059,1846.01001,1862.310059,1862.310059,3155080000,4/16/2014,1862.310059,0.406395935,2885115088
4/17/2014,1861.72998,1869.630005,1856.719971,1864.849976,1864.849976,3341430000,4/17/2014,1864.849976,0.431651405,2718418737
4/21/2014,1865.790039,1871.890015,1863.180054,1871.890015,1871.890015,2642500000,4/21/2014,1871.890015,0.403985775,2134024745
4/22/2014,1872.569946,1884.890015,1872.569946,1879.550049,1879.550049,3215440000,4/22/2014,1879.550049,0.400955709,2434899809
4/23/2014,1879.319946,1879.75,1873.910034,1875.390015,1875.390015,3085720000,4/23/2014,1875.390015,0.403179308,2167335122
4/24/2014,1881.969971,1884.060059,1870.23999,1878.609985,1878.609985,3191830000,4/24/2014,1878.609985,0.371125053,2970942878
4/25/2014,1877.719971,1877.719971,1859.699951,1863.400024,1863.400024,3213020000,4/25/2014,1863.400024,0.405602222,2206306342
4/28/2014,1865,1877.01001,1850.609985,1869.430054,1869.430054,4034680000,4/28/2014,1869.430054,0.381053846,2436056150
4/29/2014,1870.780029,1880.599976,1870.780029,1878.329956,1878.329956,3647820000,4/29/2014,1878.329956,0.372978644,2989975293
4/30/2014,1877.099976,1885.199951,1872.689941,1883.949951,1883.949951,3779230000,4/30/2014,1883.949951,0.403251573,3144184951
5/1/2014,1884.390015,1888.589966,1878.040039,1883.680054,1883.680054,3416740000,5/1/2014,1883.680054,0.415291656,3088152773
5/2/2014,1885.300049,1891.329956,1878.5,1881.140015,1881.140015,3159560000,5/2/2014,1881.140015,0.426634859,2847159602
5/5/2014,1879.449951,1885.51001,1866.77002,1884.660034,1884.660034,2733730000,5/5/2014,1884.660034,0.396783902,3072580210
5/6/2014,1883.689941,1883.689941,1867.719971,1867.719971,1867.719971,3327260000,5/6/2014,1867.719971,0.410473214,2521106238
5/7/2014,1868.530029,1878.829956,1859.790039,1878.209961,1878.209961,3632950000,5/7/2014,1878.209961,0.40438003,2673682623
5/8/2014,1877.390015,1889.069946,1870.050049,1875.630005,1875.630005,3393420000,5/8/2014,1875.630005,0.412564407,2120705836
5/9/2014,1875.27002,1878.569946,1867.02002,1878.47998,1878.47998,3025020000,5/9/2014,1878.47998,0.392497613,2356036961
5/12/2014,1880.030029,1897.130005,1880.030029,1896.650024,1896.650024,3005740000,5/12/2014,1896.650024,0.388427691,3355844369
5/13/2014,1896.75,1902.170044,1896.060059,1897.449951,1897.449951,2915680000,5/13/2014,1897.449951,0.384958412,3519069240
5/14/2014,1897.130005,1897.130005,1885.77002,1888.530029,1888.530029,2822060000,5/14/2014,1888.530029,0.409827815,3058536325
5/15/2014,1888.160034,1888.160034,1862.359985,1870.849976,1870.849976,3552640000,5/15/2014,1870.849976,0.423250383,1779766612
5/16/2014,1871.189941,1878.280029,1864.819946,1877.859985,1877.859985,3173650000,5/16/2014,1877.859985,0.400566247,4126954414
5/19/2014,1876.660034,1886,1872.420044,1885.079956,1885.079956,2664250000,5/19/2014,1885.079956,0.398586498,2509029956
5/20/2014,1884.880005,1884.880005,1868.140015,1872.829956,1872.829956,3007700000,5/20/2014,1872.829956,0.433377272,2214227300
5/21/2014,1873.339966,1888.800049,1873.339966,1888.030029,1888.030029,2777140000,5/21/2014,1888.030029,0.402055729,3085200323
5/22/2014,1888.189941,1896.329956,1885.390015,1892.48999,1892.48999,2759800000,5/22/2014,1892.48999,0.402673166,3401683874
5/23/2014,1893.319946,1901.26001,1893.319946,1900.530029,1900.530029,2396280000,5/23/2014,1900.530029,0.404528395,3038194133
5/27/2014,1902.01001,1912.280029,1902.01001,1911.910034,1911.910034,2911020000,5/27/2014,1911.910034,0.380749799,3596693816
5/28/2014,1911.77002,1914.459961,1907.300049,1909.780029,1909.780029,2976450000,5/28/2014,1909.780029,0.387001685,3590867017
5/29/2014,1910.599976,1920.030029,1909.819946,1920.030029,1920.030029,2709050000,5/29/2014,1920.030029,0.389201225,4307144100
5/30/2014,1920.329956,1924.030029,1916.640015,1923.569946,1923.569946,3263490000,5/30/2014,1923.569946,0.405881146,3519139554
6/2/2014,1923.869995,1925.880005,1915.97998,1924.969971,1924.969971,2509020000,6/2/2014,1924.969971,0.403647998,3562538753
6/3/2014,1923.069946,1925.069946,1918.790039,1924.23999,1924.23999,2867180000,6/3/2014,1924.23999,0.4095818,3882468328
6/4/2014,1923.060059,1928.630005,1918.599976,1927.880005,1927.880005,2793920000,6/4/2014,1927.880005,0.393459748,4135815009
6/5/2014,1928.52002,1941.73999,1922.930054,1940.459961,1940.459961,3113270000,6/5/2014,1940.459961,0.383983193,4783512497
6/6/2014,1942.410034,1949.439941,1942.410034,1949.439941,1949.439941,2864300000,6/6/2014,1949.439941,0.392022709,4145896016
6/9/2014,1948.969971,1955.550049,1947.160034,1951.27002,1951.27002,2812180000,6/9/2014,1951.27002,0.398294366,3217646461
6/10/2014,1950.339966,1950.859985,1944.640015,1950.790039,1950.790039,2702360000,6/10/2014,1950.790039,0.386255411,4447691188
6/11/2014,1949.369995,1949.369995,1940.079956,1943.890015,1943.890015,2710620000,6/11/2014,1943.890015,0.411642337,4165400666
6/12/2014,1943.349976,1943.349976,1925.780029,1930.109985,1930.109985,3040480000,6/12/2014,1930.109985,0.399892066,3188676525
6/13/2014,1930.800049,1937.300049,1927.689941,1936.160034,1936.160034,2598230000,6/13/2014,1936.160034,0.39990942,3378408132
6/16/2014,1934.839966,1941.150024,1930.910034,1937.780029,1937.780029,2926130000,6/16/2014,1937.780029,0.404646312,3583834370
6/17/2014,1937.150024,1943.689941,1933.550049,1941.98999,1941.98999,2971260000,6/17/2014,1941.98999,0.40077287,3760613245
6/18/2014,1942.72998,1957.73999,1939.290039,1956.97998,1956.97998,3065220000,6/18/2014,1956.97998,0.389490463,4739382562
6/19/2014,1957.5,1959.869995,1952.26001,1959.47998,1959.47998,2952150000,6/19/2014,1959.47998,0.405197659,4767112308
6/20/2014,1960.449951,1963.910034,1959.170044,1962.869995,1962.869995,4336240000,6/20/2014,1962.869995,0.393901062,5533296861
6/23/2014,1962.920044,1963.73999,1958.890015,1962.609985,1962.609985,2717630000,6/23/2014,1962.609985,0.392919377,3223648289
6/24/2014,1961.969971,1968.170044,1948.339966,1949.97998,1949.97998,3089700000,6/24/2014,1949.97998,0.38487827,2829883828
6/25/2014,1949.27002,1960.829956,1947.48999,1959.530029,1959.530029,3106710000,6/25/2014,1959.530029,0.374541248,3319053378
6/26/2014,1959.890015,1959.890015,1944.689941,1957.219971,1957.219971,2778840000,6/26/2014,1957.219971,0.394992857,3282324698
6/27/2014,1956.560059,1961.469971,1952.180054,1960.959961,1960.959961,4290590000,6/27/2014,1960.959961,0.39393539,3171554110
6/30/2014,1960.790039,1964.23999,1958.219971,1960.22998,1960.22998,3037350000,6/30/2014,1960.22998,0.389391161,3221027742
7/1/2014,1962.290039,1978.579956,1962.290039,1973.319946,1973.319946,3188240000,7/1/2014,1973.319946,0.382698508,4120990242
7/2/2014,1973.060059,1976.670044,1972.579956,1974.619995,1974.619995,2851480000,7/2/2014,1974.619995,0.372063169,4126088536
7/3/2014,1975.880005,1985.589966,1975.880005,1985.439941,1985.439941,1998090000,7/3/2014,1985.439941,0.36414342,4012944457
7/7/2014,1984.219971,1984.219971,1974.880005,1977.650024,1977.650024,2681260000,7/7/2014,1977.650024,0.387948877,3989788225
7/8/2014,1976.390015,1976.390015,1959.459961,1963.709961,1963.709961,3302430000,7/8/2014,1963.709961,0.374529656,3143932635
7/9/2014,1965.099976,1974.150024,1965.099976,1972.829956,1972.829956,2858800000,7/9/2014,1972.829956,0.377106397,3744053861
7/10/2014,1966.670044,1969.839966,1952.859985,1964.680054,1964.680054,3165690000,7/10/2014,1964.680054,0.37983148,3101645010
7/11/2014,1965.76001,1968.670044,1959.630005,1967.569946,1967.569946,2684630000,7/11/2014,1967.569946,0.392609547,3425979404
7/14/2014,1969.859985,1979.849976,1969.859985,1977.099976,1977.099976,2744920000,7/14/2014,1977.099976,0.378822047,4098124772
7/15/2014,1977.359985,1982.52002,1965.339966,1973.280029,1973.280029,3328740000,7/15/2014,1973.280029,0.389664184,3902459928
7/16/2014,1976.349976,1983.939941,1975.670044,1981.569946,1981.569946,3390950000,7/16/2014,1981.569946,0.384982532,4148235185
7/17/2014,1979.75,1981.800049,1955.589966,1958.119995,1958.119995,3381680000,7/17/2014,1958.119995,0.401798125,2670179546
7/18/2014,1961.540039,1979.910034,1960.819946,1978.219971,1978.219971,3106060000,7/18/2014,1978.219971,0.408956516,5251430846
7/21/2014,1976.930054,1976.930054,1965.77002,1973.630005,1973.630005,2611160000,7/21/2014,1973.630005,0.395295238,2606010805
7/22/2014,1975.650024,1986.23999,1975.650024,1983.530029,1983.530029,2890480000,7/22/2014,1983.530029,0.375403793,3105643754
7/23/2014,1985.319946,1989.22998,1982.439941,1987.01001,1987.01001,2869720000,7/23/2014,1987.01001,0.363870019,3629836833
7/24/2014,1988.069946,1991.390015,1985.790039,1987.97998,1987.97998,3203530000,7/24/2014,1987.97998,0.370110485,3698904675
7/25/2014,1984.599976,1984.599976,1974.369995,1978.339966,1978.339966,2638960000,7/25/2014,1978.339966,0.384126217,2814918712
7/28/2014,1978.25,1981.52002,1967.310059,1978.910034,1978.910034,2803320000,7/28/2014,1978.910034,0.367050884,3052423508
7/29/2014,1980.030029,1984.849976,1969.949951,1969.949951,1969.949951,3183300000,7/29/2014,1969.949951,0.391568091,2828670056
7/30/2014,1973.209961,1978.900024,1962.420044,1970.069946,1970.069946,3448250000,7/30/2014,1970.069946,0.374181777,3084118200
7/31/2014,1965.140015,1965.140015,1930.670044,1930.670044,1930.670044,4193000000,7/31/2014,1930.670044,0.389536079,1287492125
8/1/2014,1929.800049,1937.349976,1916.369995,1925.150024,1925.150024,3789660000,8/1/2014,1925.150024,0.377984419,1460931261
8/4/2014,1926.619995,1942.920044,1921.199951,1938.98999,1938.98999,3072920000,8/4/2014,1938.98999,0.388827021,1926756189
8/5/2014,1936.339966,1936.339966,1913.77002,1920.209961,1920.209961,3462520000,8/5/2014,1920.209961,0.42046185,1324114522
8/6/2014,1917.290039,1927.910034,1911.449951,1920.23999,1920.23999,3539150000,8/6/2014,1920.23999,0.397129573,1432870393
8/7/2014,1923.030029,1928.890015,1904.780029,1909.569946,1909.569946,3230520000,8/7/2014,1909.569946,0.416941214,1036756007
8/8/2014,1910.349976,1932.380005,1909.01001,1931.589966,1931.589966,2902280000,8/8/2014,1931.589966,0.389454746,1795655354
8/11/2014,1933.430054,1944.900024,1933.430054,1936.920044,1936.920044,2784890000,8/11/2014,1936.920044,0.434052954,2205005857
8/12/2014,1935.72998,1939.650024,1928.290039,1933.75,1933.75,2611700000,8/12/2014,1933.75,0.419673503,1985433896
8/13/2014,1935.599976,1948.410034,1935.599976,1946.719971,1946.719971,2718020000,8/13/2014,1946.719971,0.39759558,2869218348
8/14/2014,1947.410034,1955.22998,1947.410034,1955.180054,1955.180054,2609460000,8/14/2014,1955.180054,0.391260389,3221811088
8/15/2014,1958.869995,1964.040039,1941.5,1955.060059,1955.060059,3023380000,8/15/2014,1955.060059,0.433309035,3387723209
8/18/2014,1958.359985,1971.98999,1958.359985,1971.73999,1971.73999,2638160000,8/18/2014,1971.73999,0.374125177,2890126431
8/19/2014,1972.72998,1982.569946,1972.72998,1981.599976,1981.599976,2656430000,8/19/2014,1981.599976,0.367713324,3364523180
8/20/2014,1980.459961,1988.569946,1977.680054,1986.51001,1986.51001,2579560000,8/20/2014,1986.51001,0.386948986,3582391013
8/21/2014,1986.819946,1994.76001,1986.819946,1992.369995,1992.369995,2638920000,8/21/2014,1992.369995,0.391912419,3800806026
8/22/2014,1992.599976,1993.540039,1984.76001,1988.400024,1988.400024,2301860000,8/22/2014,1988.400024,0.402560093,3274601002
8/25/2014,1991.73999,2001.949951,1991.73999,1997.920044,1997.920044,2233880000,8/25/2014,1997.920044,0.37806383,3686238658
8/26/2014,1998.589966,2005.040039,1998.589966,2000.02002,2000.02002,2451950000,8/26/2014,2000.02002,0.362279852,3794250968
8/27/2014,2000.540039,2002.140015,1996.199951,2000.119995,2000.119995,2344350000,8/27/2014,2000.119995,0.382864591,3691243014
8/28/2014,1997.420044,1998.550049,1990.52002,1996.73999,1996.73999,2282400000,8/28/2014,1996.73999,0.36967817,3287387735
8/29/2014,1998.449951,2003.380005,1994.650024,2003.369995,2003.369995,2259130000,8/29/2014,2003.369995,0.383082812,3569236749
9/2/2014,2004.069946,2006.119995,1994.849976,2002.280029,2002.280029,2819980000,9/2/2014,2002.280029,0.39489199,3642237657
9/3/2014,2003.569946,2009.280029,1998.140015,2000.719971,2000.719971,2809980000,9/3/2014,2000.719971,0.374052244,3149865492
9/4/2014,2001.670044,2011.170044,1992.540039,1997.650024,1997.650024,3072410000,9/4/2014,1997.650024,0.403540134,2940758523
9/5/2014,1998,2007.709961,1990.099976,2007.709961,2007.709961,2818300000,9/5/2014,2007.709961,0.377857389,3433546164
9/8/2014,2007.170044,2007.170044,1995.599976,2001.540039,2001.540039,2789090000,9/8/2014,2001.540039,0.40796991,3213963364
9/9/2014,2000.72998,2001.01001,1984.609985,1988.439941,1988.439941,2882830000,9/9/2014,1988.439941,0.390597436,2457727705
9/10/2014,1988.410034,1996.660034,1982.98999,1995.689941,1995.689941,2912430000,9/10/2014,1995.689941,0.376000604,3169051486
9/11/2014,1992.849976,1997.650024,1985.930054,1997.449951,1997.449951,2941690000,9/11/2014,1997.449951,0.398071809,3292732697
9/12/2014,1996.73999,1996.73999,1980.26001,1985.540039,1985.540039,3206570000,9/12/2014,1985.540039,0.417705228,2626978851
9/15/2014,1986.040039,1987.180054,1978.47998,1984.130005,1984.130005,2776530000,9/15/2014,1984.130005,0.389824474,2452802610
9/16/2014,1981.930054,2002.280029,1979.060059,1998.97998,1998.97998,3160310000,9/16/2014,1998.97998,0.374041517,3233415804
9/17/2014,1999.300049,2010.73999,1993.290039,2001.569946,2001.569946,3209420000,9/17/2014,2001.569946,0.416405678,3581607332
9/18/2014,2003.069946,2012.339966,2003.069946,2011.359985,2011.359985,3235340000,9/18/2014,2011.359985,0.410996374,4360835085
9/19/2014,2012.73999,2019.26001,2006.589966,2010.400024,2010.400024,4880220000,9/19/2014,2010.400024,0.404161054,2897473748
9/22/2014,2009.079956,2009.079956,1991.01001,1994.290039,1994.290039,3349670000,9/22/2014,1994.290039,0.371638937,2447234601
9/23/2014,1992.780029,1995.410034,1982.77002,1982.77002,1982.77002,3279350000,9/23/2014,1982.77002,0.381579128,2240403438
9/24/2014,1983.339966,1999.790039,1978.630005,1998.300049,1998.300049,3313850000,9/24/2014,1998.300049,0.385398733,2883115197
9/25/2014,1997.319946,1997.319946,1965.98999,1965.98999,1965.98999,3273050000,9/25/2014,1965.98999,0.409672014,1037470765
9/26/2014,1966.219971,1986.369995,1966.219971,1982.849976,1982.849976,2929440000,9/26/2014,1982.849976,0.377808833,2353323447
9/29/2014,1978.959961,1981.280029,1964.040039,1977.800049,1977.800049,3094440000,9/29/2014,1977.800049,0.403517989,2177290317
9/30/2014,1978.209961,1985.170044,1968.959961,1972.290039,1972.290039,3951100000,9/30/2014,1972.290039,0.401688579,2171786419
10/1/2014,1971.439941,1971.439941,1941.719971,1946.160034,1946.160034,4188590000,10/1/2014,1946.160034,0.412982965,935643415
10/2/2014,1945.829956,1952.319946,1926.030029,1946.170044,1946.170044,4012510000,10/2/2014,1946.170044,0.385785049,1247707553
10/3/2014,1948.119995,1971.189941,1948.119995,1967.900024,1967.900024,3560970000,10/3/2014,1967.900024,0.397658349,2147173745
10/6/2014,1970.01001,1977.839966,1958.430054,1964.819946,1964.819946,3358220000,10/6/2014,1964.819946,0.407405965,2112066894
10/7/2014,1962.359985,1962.359985,1934.869995,1935.099976,1935.099976,3687870000,10/7/2014,1935.099976,0.425135423,895363280.2
10/8/2014,1935.550049,1970.359985,1925.25,1968.890015,1968.890015,4441890000,10/8/2014,1968.890015,0.39478202,2511736122
10/9/2014,1967.680054,1967.680054,1927.560059,1928.209961,1928.209961,4344020000,10/9/2014,1928.209961,0.410798102,953074338.1
10/10/2014,1925.630005,1936.97998,1906.050049,1906.130005,1906.130005,4550540000,10/10/2014,1906.130005,0.381868078,620254341.7
10/13/2014,1905.650024,1912.089966,1874.140015,1874.73999,1874.73999,4352580000,10/13/2014,1874.73999,0.401737744,-54273750.21
10/14/2014,1877.109985,1898.709961,1871.790039,1877.699951,1877.699951,4812010000,10/14/2014,1877.699951,0.396897764,-37270045.81
10/15/2014,1874.180054,1874.180054,1820.660034,1862.48999,1862.48999,6090800000,10/15/2014,1862.48999,0.364920898,-354603773.8
10/16/2014,1855.949951,1876.01001,1835.02002,1862.76001,1862.76001,5073150000,10/16/2014,1862.76001,0.397124048,-486465586.5
10/17/2014,1864.910034,1898.160034,1864.910034,1886.76001,1886.76001,4482120000,10/17/2014,1886.76001,0.399203708,-80633520.04
10/20/2014,1885.619995,1905.030029,1882.300049,1904.01001,1904.01001,3331210000,10/20/2014,1904.01001,0.407931829,1023404620
10/21/2014,1909.380005,1942.449951,1909.380005,1941.280029,1941.280029,3987090000,10/21/2014,1941.280029,0.385346404,2103526248
10/22/2014,1941.290039,1949.310059,1926.829956,1927.109985,1927.109985,3761930000,10/22/2014,1927.109985,0.408954558,1787900920
10/23/2014,1931.02002,1961.949951,1931.02002,1950.819946,1950.819946,3789250000,10/23/2014,1950.819946,0.408436132,2594442773
10/24/2014,1951.589966,1965.27002,1946.27002,1964.579956,1964.579956,3078380000,10/24/2014,1964.579956,0.401523506,2327989816
10/27/2014,1962.969971,1964.640015,1951.369995,1961.630005,1961.630005,3538860000,10/27/2014,1961.630005,0.405896301,2385726729
10/28/2014,1964.140015,1985.050049,1964.140015,1985.050049,1985.050049,3653260000,10/28/2014,1985.050049,0.392942736,3179195992
10/29/2014,1983.290039,1991.400024,1969.040039,1982.300049,1982.300049,3740350000,10/29/2014,1982.300049,0.383634147,3074663577
10/30/2014,1979.48999,1999.400024,1974.75,1994.650024,1994.650024,3586150000,10/30/2014,1994.650024,0.387146433,3376682924
10/31/2014,2001.199951,2018.189941,2001.199951,2018.050049,2018.050049,4292290000,10/31/2014,2018.050049,0.363808207,3577160779
11/3/2014,2018.209961,2024.459961,2013.680054,2017.810059,2017.810059,3555440000,11/3/2014,2017.810059,0.389603733,3630139427
11/4/2014,2015.810059,2015.97998,2001.01001,2012.099976,2012.099976,3956260000,11/4/2014,2012.099976,0.379008206,3270944516
11/5/2014,2015.290039,2023.77002,2014.420044,2023.569946,2023.569946,3766590000,11/5/2014,2023.569946,0.394724703,3469322234
11/6/2014,2023.329956,2031.609985,2015.859985,2031.209961,2031.209961,3669770000,11/6/2014,2031.209961,0.378502836,3632879930
11/7/2014,2032.359985,2034.26001,2025.069946,2031.920044,2031.920044,3704280000,11/7/2014,2031.920044,0.384528839,3537819511
11/10/2014,2032.01001,2038.699951,2030.170044,2038.26001,2038.26001,3284940000,11/10/2014,2038.26001,0.382657699,3861660865
11/11/2014,2038.199951,2041.280029,2035.280029,2039.680054,2039.680054,2958320000,11/11/2014,2039.680054,0.377887542,4081977023
11/12/2014,2037.75,2040.329956,2031.949951,2038.25,2038.25,3246650000,11/12/2014,2038.25,0.391469076,4305512921
11/13/2014,2039.209961,2046.180054,2030.439941,2039.329956,2039.329956,3455270000,11/13/2014,2039.329956,0.401996367,4445050754
11/14/2014,2039.73999,2042.219971,2035.199951,2039.819946,2039.819946,3227130000,11/14/2014,2039.819946,0.39250369,4173138282
11/17/2014,2038.290039,2043.069946,2034.459961,2041.319946,2041.319946,3152890000,11/17/2014,2041.319946,0.384594745,4234074307
11/18/2014,2041.47998,2056.080078,2041.47998,2051.800049,2051.800049,3416190000,11/18/2014,2051.800049,0.388906427,4431298841
11/19/2014,2051.159912,2052.139893,2040.369995,2048.719971,2048.719971,3390850000,11/19/2014,2048.719971,0.408256792,4418990250
11/20/2014,2045.869995,2053.840088,2040.48999,2052.75,2052.75,3128290000,11/20/2014,2052.75,0.39410036,4805242277
11/21/2014,2057.459961,2071.459961,2056.75,2063.5,2063.5,3916420000,11/21/2014,2063.5,0.397911209,5900554345
11/24/2014,2065.070068,2070.169922,2065.070068,2069.409912,2069.409912,3128060000,11/24/2014,2069.409912,0.368171645,3604797468
11/25/2014,2070.149902,2074.209961,2064.75,2067.030029,2067.030029,3392940000,11/25/2014,2067.030029,0.388518856,3617751182
11/26/2014,2067.360107,2073.290039,2066.620117,2072.830078,2072.830078,2745260000,11/26/2014,2072.830078,0.403709815,3868883158
11/28/2014,2074.780029,2075.76001,2065.060059,2067.560059,2067.560059,2504640000,11/28/2014,2067.560059,0.368255078,3355572302
12/1/2014,2065.780029,2065.780029,2049.570068,2053.439941,2053.439941,4159010000,12/1/2014,2053.439941,0.375379996,2757277218
12/2/2014,2053.77002,2068.77002,2053.77002,2066.550049,2066.550049,3686650000,12/2/2014,2066.550049,0.392803974,3159351786
12/3/2014,2067.449951,2076.280029,2066.649902,2074.330078,2074.330078,3612680000,12/3/2014,2074.330078,0.40523418,3319901057
12/4/2014,2073.639893,2077.340088,2062.340088,2071.919922,2071.919922,3408340000,12/4/2014,2071.919922,0.393391853,3476194763
12/5/2014,2072.780029,2079.469971,2070.810059,2075.370117,2075.370117,3419620000,12/5/2014,2075.370117,0.376662673,3376386658
12/8/2014,2074.840088,2075.780029,2054.27002,2060.310059,2060.310059,3800990000,12/8/2014,2060.310059,0.389248324,2828689149
12/9/2014,2056.550049,2060.600098,2034.170044,2059.820068,2059.820068,3970150000,12/9/2014,2059.820068,0.376547082,2945130438
12/10/2014,2058.860107,2058.860107,2024.26001,2026.140015,2026.140015,4114440000,12/10/2014,2026.140015,0.414184328,1721424126
12/11/2014,2027.920044,2055.530029,2027.920044,2035.329956,2035.329956,3917950000,12/11/2014,2035.329956,0.370983492,1973090997
12/12/2014,2030.359985,2032.25,2002.329956,2002.329956,2002.329956,4157650000,12/12/2014,2002.329956,0.412041473,1283490316
12/15/2014,2005.030029,2018.689941,1982.26001,1989.630005,1989.630005,4361990000,12/15/2014,1989.630005,0.371311067,941478891.7
12/16/2014,1986.709961,2016.890015,1972.560059,1972.73999,1972.73999,4958680000,12/16/2014,1972.73999,0.369141565,309244442.3
12/17/2014,1973.77002,2016.75,1973.77002,2012.890015,2012.890015,4942370000,12/17/2014,2012.890015,0.393855204,1672429973
12/18/2014,2018.97998,2061.22998,2018.97998,2061.22998,2061.22998,4703380000,12/18/2014,2061.22998,0.356262389,3712017424
12/19/2014,2061.040039,2077.850098,2061.030029,2070.649902,2070.649902,6465530000,12/19/2014,2070.649902,0.36259265,3945503610
12/22/2014,2069.280029,2078.76001,2069.280029,2078.540039,2078.540039,3369520000,12/22/2014,2078.540039,0.353497842,3231917836
12/23/2014,2081.47998,2086.72998,2079.77002,2082.169922,2082.169922,3043950000,12/23/2014,2082.169922,0.34612253,3385274202
12/24/2014,2083.25,2087.560059,2081.860107,2081.879883,2081.879883,1416980000,12/24/2014,2081.879883,0.367299567,3273156972
12/26/2014,2084.300049,2092.699951,2084.300049,2088.77002,2088.77002,1735230000,12/26/2014,2088.77002,0.385223277,3242962064
12/29/2014,2087.629883,2093.550049,2085.75,2090.570068,2090.570068,2452360000,12/29/2014,2090.570068,0.377912689,3379718369
12/30/2014,2088.48999,2088.48999,2079.530029,2080.350098,2080.350098,2440280000,12/30/2014,2080.350098,0.393444369,3006182551
12/31/2014,2082.110107,2085.580078,2057.939941,2058.899902,2058.899902,2606070000,12/31/2014,2058.899902,0.422316567,2250907928
1/2/2015,2058.899902,2072.360107,2046.040039,2058.199951,2058.199951,2708700000,1/2/2015,2058.199951,0.396344314,2392799191
1/5/2015,2054.439941,2054.439941,2017.339966,2020.579956,2020.579956,3799120000,1/5/2015,2020.579956,0.439579428,1322638288
1/6/2015,2022.150024,2030.25,1992.439941,2002.609985,2002.609985,4460110000,1/6/2015,2002.609985,0.427564304,854915033.9
1/7/2015,2005.550049,2029.609985,2005.550049,2025.900024,2025.900024,3805480000,1/7/2015,2025.900024,0.408869746,1638301269
1/8/2015,2030.609985,2064.080078,2030.609985,2062.139893,2062.139893,3934010000,1/8/2015,2062.139893,0.382549567,3003367719
1/9/2015,2063.449951,2064.429932,2038.329956,2044.810059,2044.810059,3364140000,1/9/2015,2044.810059,0.427926163,2196266563
1/12/2015,2046.130005,2049.300049,2022.579956,2028.26001,2028.26001,3456460000,1/12/2015,2028.26001,0.421050836,1714465582
1/13/2015,2031.579956,2056.929932,2008.25,2023.030029,2023.030029,4107300000,1/13/2015,2023.030029,0.403434515,1755547815
1/14/2015,2018.400024,2018.400024,1988.439941,2011.27002,2011.27002,4378680000,1/14/2015,2011.27002,0.428628952,1298712113
1/15/2015,2013.75,2021.349976,1991.469971,1992.670044,1992.670044,4276720000,1/15/2015,1992.670044,0.438354765,435398119.3
1/16/2015,1992.25,2020.459961,1988.119995,2019.420044,2019.420044,4056410000,1/16/2015,2019.420044,0.413191739,2342499306
1/20/2015,2020.76001,2028.939941,2004.48999,2022.550049,2022.550049,3944340000,1/20/2015,2022.550049,0.406132828,1000167524
1/21/2015,2020.189941,2038.290039,2012.040039,2032.119995,2032.119995,3730070000,1/21/2015,2032.119995,0.417358955,1358011058
1/22/2015,2034.300049,2064.620117,2026.380005,2063.149902,2063.149902,4176050000,1/22/2015,2063.149902,0.393151059,2315044769
1/23/2015,2062.97998,2062.97998,2050.540039,2051.820068,2051.820068,3573560000,1/23/2015,2051.820068,0.39847986,1546202422
1/26/2015,2050.419922,2057.620117,2040.969971,2057.090088,2057.090088,3465760000,1/26/2015,2057.090088,0.39447787,1724235572
1/27/2015,2047.859985,2047.859985,2019.910034,2029.550049,2029.550049,3329810000,1/27/2015,2029.550049,0.415547003,945326209.2
1/28/2015,2032.339966,2042.48999,2001.48999,2002.160034,2002.160034,4067530000,1/28/2015,2002.160034,0.399432542,627881136.8
1/29/2015,2002.449951,2024.640015,1989.180054,2021.25,2021.25,4127140000,1/29/2015,2021.25,0.389569012,1317105063
1/30/2015,2019.349976,2023.319946,1993.380005,1994.98999,1994.98999,4568650000,1/30/2015,1994.98999,0.425252815,751991677
2/2/2015,1996.670044,2021.660034,1980.900024,2020.849976,2020.849976,4008330000,2/2/2015,2020.849976,0.431074008,1322390852
2/3/2015,2022.709961,2050.300049,2022.709961,2050.030029,2050.030029,4615900000,2/3/2015,2050.030029,0.401542857,2201656512
2/4/2015,2048.860107,2054.73999,2036.719971,2041.51001,2041.51001,4141920000,2/4/2015,2041.51001,0.418950359,1986466633
2/5/2015,2043.449951,2063.550049,2043.449951,2062.52002,2062.52002,3821990000,2/5/2015,2062.52002,0.40168427,2651176778
2/6/2015,2062.280029,2072.399902,2049.969971,2055.469971,2055.469971,4232970000,2/6/2015,2055.469971,0.41791513,1963229572
2/9/2015,2053.469971,2056.159912,2041.880005,2046.73999,2046.73999,3549540000,2/9/2015,2046.73999,0.412567371,1847549144
2/10/2015,2049.379883,2070.860107,2048.620117,2068.590088,2068.590088,3669850000,2/10/2015,2068.590088,0.397392035,2868205390
2/11/2015,2068.550049,2073.47998,2057.98999,2068.530029,2068.530029,3596860000,2/11/2015,2068.530029,0.421003179,2945871387
2/12/2015,2069.97998,2088.530029,2069.97998,2088.47998,2088.47998,3788350000,2/12/2015,2088.47998,0.405082255,3797748162
2/13/2015,2088.780029,2097.030029,2086.699951,2096.98999,2096.98999,3527450000,2/13/2015,2096.98999,0.400860949,3348754193
2/17/2015,2096.469971,2101.300049,2089.800049,2100.340088,2100.340088,3361750000,2/17/2015,2100.340088,0.384416317,3580823495
2/18/2015,2099.159912,2100.22998,2092.149902,2099.679932,2099.679932,3370020000,2/18/2015,2099.679932,0.408602742,3546470632
2/19/2015,2099.25,2102.129883,2090.790039,2097.449951,2097.449951,3247100000,2/19/2015,2097.449951,0.430727314,3743935804
2/20/2015,2097.649902,2110.610107,2085.439941,2110.300049,2110.300049,3281600000,2/20/2015,2110.300049,0.409254413,2555134680
2/23/2015,2109.830078,2110.050049,2103,2109.659912,2109.659912,3093680000,2/23/2015,2109.659912,0.379815505,2557206389
2/24/2015,2109.100098,2117.939941,2105.870117,2115.47998,2115.47998,3199840000,2/24/2015,2115.47998,0.386856228,2906097990
2/25/2015,2115.300049,2119.590088,2109.889893,2113.860107,2113.860107,3312340000,2/25/2015,2113.860107,0.393383576,3174532944
2/26/2015,2113.909912,2113.909912,2103.76001,2110.73999,2110.73999,3408690000,2/26/2015,2110.73999,0.392647452,3213568683
2/27/2015,2110.879883,2112.73999,2103.75,2104.5,2104.5,3547380000,2/27/2015,2104.5,0.390964544,2539460102
3/2/2015,2105.22998,2117.52002,2104.5,2117.389893,2117.389893,3409490000,3/2/2015,2117.389893,0.393050752,3101129568
3/3/2015,2115.76001,2115.76001,2098.26001,2107.780029,2107.780029,3262300000,3/3/2015,2107.780029,0.416967477,2886065890
3/4/2015,2107.719971,2107.719971,2094.48999,2098.530029,2098.530029,3421110000,3/4/2015,2098.530029,0.418046139,2460770455
3/5/2015,2098.540039,2104.25,2095.219971,2101.040039,2101.040039,3103030000,3/5/2015,2101.040039,0.406124122,2565651617
3/6/2015,2100.909912,2100.909912,2067.27002,2071.26001,2071.26001,3853570000,3/6/2015,2071.26001,0.437306204,1674265497
3/9/2015,2072.25,2083.48999,2072.209961,2079.429932,2079.429932,3349090000,3/9/2015,2079.429932,0.392025421,1905671129
3/10/2015,2076.139893,2076.139893,2044.160034,2044.160034,2044.160034,3668900000,3/10/2015,2044.160034,0.416048598,600779581.5
3/11/2015,2044.689941,2050.080078,2039.689941,2040.23999,2040.23999,3406570000,3/11/2015,2040.23999,0.408281839,418278295.8
3/12/2015,2041.099976,2066.409912,2041.099976,2065.949951,2065.949951,3405860000,3/12/2015,2065.949951,0.3940272,1547603450
3/13/2015,2064.560059,2064.560059,2041.170044,2053.399902,2053.399902,3498560000,3/13/2015,2053.399902,0.435879205,1159434440
3/16/2015,2055.350098,2081.409912,2055.350098,2081.189941,2081.189941,3295600000,3/16/2015,2081.189941,0.381457604,2064486973
3/17/2015,2080.590088,2080.590088,2065.080078,2074.280029,2074.280029,3221840000,3/17/2015,2074.280029,0.413796235,1788279869
3/18/2015,2072.840088,2106.850098,2061.22998,2099.5,2099.5,4128210000,3/18/2015,2099.5,0.420740708,3140160119
3/19/2015,2098.689941,2098.689941,2085.560059,2089.27002,2089.27002,3305220000,3/19/2015,2089.27002,0.432580955,2744295208
3/20/2015,2090.320068,2113.919922,2090.320068,2108.100098,2108.100098,5554120000,3/20/2015,2108.100098,0.407330833,2028510992
3/23/2015,2107.98999,2114.860107,2104.419922,2104.419922,2104.419922,3267960000,3/23/2015,2104.419922,0.385255378,2075187396
3/24/2015,2103.939941,2107.629883,2091.5,2091.5,2091.5,3189820000,3/24/2015,2091.5,0.404023136,1912572190
3/25/2015,2093.100098,2097.429932,2061.050049,2061.050049,2061.050049,3521140000,3/25/2015,2061.050049,0.426293971,590575196
3/26/2015,2059.939941,2067.149902,2045.5,2056.149902,2056.149902,3510670000,3/26/2015,2056.149902,0.410963674,367453019.7
3/27/2015,2055.780029,2062.830078,2052.959961,2061.02002,2061.02002,3008550000,3/27/2015,2061.02002,0.397104612,831056261.4
3/30/2015,2064.110107,2088.969971,2064.110107,2086.23999,2086.23999,2917690000,3/30/2015,2086.23999,0.391228001,1700053108
3/31/2015,2084.050049,2084.050049,2067.040039,2067.889893,2067.889893,3376550000,3/31/2015,2067.889893,0.412077227,944428600.5
4/1/2015,2067.629883,2067.629883,2048.379883,2059.689941,2059.689941,3543270000,4/1/2015,2059.689941,0.412220418,618894196.1
4/2/2015,2060.030029,2072.169922,2057.320068,2066.959961,2066.959961,3095960000,4/2/2015,2066.959961,0.398479334,1074940971
4/6/2015,2064.870117,2086.98999,2056.52002,2080.620117,2080.620117,3302970000,4/6/2015,2080.620117,0.393830381,1735568186
4/7/2015,2080.790039,2089.810059,2076.100098,2076.330078,2076.330078,3065510000,4/7/2015,2076.330078,0.422460862,1689332052
4/8/2015,2076.939941,2086.689941,2073.300049,2081.899902,2081.899902,3265330000,4/8/2015,2081.899902,0.415447307,1804303642
4/9/2015,2081.290039,2093.310059,2074.290039,2091.179932,2091.179932,3172360000,4/9/2015,2091.179932,0.403607784,2314981155
4/10/2015,2091.51001,2102.610107,2091.51001,2102.060059,2102.060059,3156200000,4/10/2015,2102.060059,0.396201697,2375226911
4/13/2015,2102.030029,2107.649902,2092.330078,2092.429932,2092.429932,2908420000,4/13/2015,2092.429932,0.410255345,2170858430
4/14/2015,2092.280029,2098.620117,2083.23999,2095.840088,2095.840088,3301270000,4/14/2015,2095.840088,0.421983204,2422102762
4/15/2015,2097.820068,2111.909912,2097.820068,2106.629883,2106.629883,4013760000,4/15/2015,2106.629883,0.420914595,2975840018
4/16/2015,2105.959961,2111.300049,2100.02002,2104.98999,2104.98999,3434120000,4/16/2015,2104.98999,0.43693327,3052527867
4/17/2015,2102.580078,2102.580078,2072.370117,2081.179932,2081.179932,3627600000,4/17/2015,2081.179932,0.47002844,1202496533
4/20/2015,2084.110107,2103.939941,2084.110107,2100.399902,2100.399902,3000160000,4/20/2015,2100.399902,0.405283745,1894828572
4/21/2015,2102.820068,2109.639893,2094.379883,2097.290039,2097.290039,3243410000,4/21/2015,2097.290039,0.390417112,1813870698
4/22/2015,2098.27002,2109.97998,2091.050049,2107.959961,2107.959961,3348480000,4/22/2015,2107.959961,0.415414053,2385931788
4/23/2015,2107.209961,2120.48999,2103.189941,2112.929932,2112.929932,3636670000,4/23/2015,2112.929932,0.421431732,2683491662
4/24/2015,2112.800049,2120.919922,2112.800049,2117.689941,2117.689941,3375780000,4/24/2015,2117.689941,0.420649553,2417361800
4/27/2015,2119.290039,2125.919922,2107.040039,2108.919922,2108.919922,3438750000,4/27/2015,2108.919922,0.397305363,2273854602
4/28/2015,2108.350098,2116.040039,2094.889893,2114.76001,2114.76001,3546270000,4/28/2015,2114.76001,0.392425764,2418731576
4/29/2015,2112.48999,2113.649902,2097.409912,2106.850098,2106.850098,4074970000,4/29/2015,2106.850098,0.399647102,2082509145
4/30/2015,2105.52002,2105.52002,2077.590088,2085.51001,2085.51001,4509680000,4/30/2015,2085.51001,0.423230387,1075418448
5/1/2015,2087.379883,2108.409912,2087.379883,2108.290039,2108.290039,3379390000,5/1/2015,2108.290039,0.403670353,2190755805
5/4/2015,2110.22998,2120.949951,2110.22998,2114.48999,2114.48999,3091580000,5/4/2015,2114.48999,0.411088855,2471501300
5/5/2015,2112.629883,2115.23999,2088.459961,2089.459961,2089.459961,3793950000,5/5/2015,2089.459961,0.42682489,1496920862
5/6/2015,2091.26001,2098.419922,2067.929932,2080.149902,2080.149902,3792210000,5/6/2015,2080.149902,0.433388037,1009398489
5/7/2015,2079.959961,2092.899902,2074.98999,2088,2088,3676640000,5/7/2015,2088,0.394054116,1264766567
5/8/2015,2092.129883,2117.659912,2092.129883,2116.100098,2116.100098,3399440000,5/8/2015,2116.100098,0.38092995,2526642515
5/11/2015,2115.560059,2117.689941,2104.580078,2105.330078,2105.330078,2992670000,5/11/2015,2105.330078,0.42413742,1982449257
5/12/2015,2102.870117,2105.060059,2085.570068,2099.120117,2099.120117,3139520000,5/12/2015,2099.120117,0.433051848,1623774190
5/13/2015,2099.620117,2110.189941,2096.040039,2098.47998,2098.47998,3374260000,5/13/2015,2098.47998,0.410201007,1675066005
5/14/2015,2100.429932,2121.449951,2100.429932,2121.100098,2121.100098,3225740000,5/14/2015,2121.100098,0.410380787,3502373806
5/15/2015,2122.070068,2123.889893,2116.810059,2122.72998,2122.72998,3092080000,5/15/2015,2122.72998,0.437070257,2079597220
5/18/2015,2121.300049,2131.780029,2120.01001,2129.199951,2129.199951,2888190000,5/18/2015,2129.199951,0.427544913,2556607996
5/19/2015,2129.449951,2133.02002,2124.5,2127.830078,2127.830078,3296030000,5/19/2015,2127.830078,0.408486052,2571263654
5/20/2015,2127.790039,2134.719971,2122.590088,2125.850098,2125.850098,3025880000,5/20/2015,2125.850098,0.412285748,2549845958
5/21/2015,2125.550049,2134.280029,2122.949951,2130.820068,2130.820068,3070460000,5/21/2015,2130.820068,0.411811477,3339607173
5/22/2015,2130.360107,2132.149902,2126.060059,2126.060059,2126.060059,2571860000,5/22/2015,2126.060059,0.414809434,2362002519
5/26/2015,2125.340088,2125.340088,2099.179932,2104.199951,2104.199951,3342130000,5/26/2015,2104.199951,0.419802301,1434499901
5/27/2015,2105.129883,2126.219971,2105.129883,2123.47998,2123.47998,3127960000,5/27/2015,2123.47998,0.396951534,2592019000
5/28/2015,2122.27002,2122.27002,2112.860107,2120.790039,2120.790039,2980350000,5/28/2015,2120.790039,0.424644831,2372898573
5/29/2015,2120.659912,2120.659912,2104.889893,2107.389893,2107.389893,3927390000,5/29/2015,2107.389893,0.446652403,1367312810
6/1/2015,2108.639893,2119.149902,2102.540039,2111.72998,2111.72998,3011710000,6/1/2015,2111.72998,0.393700609,1676720620
6/2/2015,2110.409912,2117.590088,2099.139893,2109.600098,2109.600098,3049350000,6/2/2015,2109.600098,0.416315516,1764351175
6/3/2015,2110.639893,2121.919922,2109.610107,2114.070068,2114.070068,3099980000,6/3/2015,2114.070068,0.41190667,2192978076
6/4/2015,2112.350098,2112.889893,2093.22998,2095.840088,2095.840088,3200050000,6/4/2015,2095.840088,0.429859428,1362586522
6/5/2015,2095.090088,2100.98999,2085.669922,2092.830078,2092.830078,3243690000,6/5/2015,2092.830078,0.43544901,1246987308
6/8/2015,2092.340088,2093.01001,2079.110107,2079.280029,2079.280029,2917150000,6/8/2015,2079.280029,0.398093524,537458208.7
6/9/2015,2079.070068,2085.620117,2072.139893,2080.149902,2080.149902,3034580000,6/9/2015,2080.149902,0.388403219,633360352.4
6/10/2015,2081.120117,2108.5,2081.120117,2105.199951,2105.199951,3414320000,6/10/2015,2105.199951,0.39108779,2185686640
6/11/2015,2106.23999,2115.02002,2106.23999,2108.860107,2108.860107,3128600000,6/11/2015,2108.860107,0.398022172,2107230797
6/12/2015,2107.429932,2107.429932,2091.330078,2094.110107,2094.110107,2719400000,6/12/2015,2094.110107,0.437458727,1158438209
6/15/2015,2091.340088,2091.340088,2072.48999,2084.429932,2084.429932,3061570000,6/15/2015,2084.429932,0.428515888,700941203.1
6/16/2015,2084.26001,2097.399902,2082.100098,2096.290039,2096.290039,2919900000,6/16/2015,2096.290039,0.412913044,1429825703
6/17/2015,2097.399902,2106.790039,2088.860107,2100.439941,2100.439941,3222240000,6/17/2015,2100.439941,0.414396363,1588681890
6/18/2015,2101.580078,2126.649902,2101.580078,2121.23999,2121.23999,3520360000,6/18/2015,2121.23999,0.392956968,3215023690
6/19/2015,2121.060059,2121.639893,2109.449951,2109.98999,2109.98999,4449810000,6/19/2015,2109.98999,0.426264723,1560110312
6/22/2015,2112.5,2129.870117,2112.5,2122.850098,2122.850098,3030020000,6/22/2015,2122.850098,0.388841377,2193443565
6/23/2015,2123.159912,2128.030029,2119.889893,2124.199951,2124.199951,3091190000,6/23/2015,2124.199951,0.396099636,2440180755
6/24/2015,2123.649902,2125.100098,2108.580078,2108.580078,2108.580078,3102480000,6/24/2015,2108.580078,0.409667942,1978176234
6/25/2015,2109.959961,2116.040039,2101.780029,2102.310059,2102.310059,3214610000,6/25/2015,2102.310059,0.405292609,1215758083
6/26/2015,2102.620117,2108.919922,2095.379883,2101.48999,2101.48999,5025470000,6/26/2015,2101.48999,0.402175398,1419688618
6/29/2015,2098.629883,2098.629883,2056.639893,2057.639893,2057.639893,3678960000,6/29/2015,2057.639893,0.437908359,84738566.52
6/30/2015,2061.189941,2074.280029,2056.320068,2063.110107,2063.110107,4078540000,6/30/2015,2063.110107,0.448341472,322708673.3
7/1/2015,2067,2082.780029,2067,2077.419922,2077.419922,3727260000,7/1/2015,2077.419922,0.426969544,954814190.2
7/2/2015,2078.030029,2085.060059,2071.02002,2076.780029,2076.780029,2996540000,7/2/2015,2076.780029,0.447393189,881344196.1
7/6/2015,2073.949951,2078.610107,2058.399902,2068.76001,2068.76001,3486360000,7/6/2015,2068.76001,0.427760236,697459847.9
7/7/2015,2069.52002,2083.73999,2044.02002,2081.340088,2081.340088,4458660000,7/7/2015,2081.340088,0.406109549,1103449568
7/8/2015,2077.659912,2077.659912,2044.660034,2046.680054,2046.680054,3608780000,7/8/2015,2046.680054,0.411577567,-299521222.8
7/9/2015,2049.72998,2074.280029,2049.72998,2051.310059,2051.310059,3446810000,7/9/2015,2051.310059,0.356848883,23490.725
7/10/2015,2052.73999,2081.310059,2052.73999,2076.620117,2076.620117,3065070000,7/10/2015,2076.620117,0.401404068,1111272375
7/13/2015,2080.030029,2100.669922,2080.030029,2099.600098,2099.600098,3096730000,7/13/2015,2099.600098,0.412881063,2255036451
7/14/2015,2099.719971,2111.97998,2098.179932,2108.949951,2108.949951,3002120000,7/14/2015,2108.949951,0.418734347,2702435254
7/15/2015,2109.01001,2114.139893,2102.48999,2107.399902,2107.399902,3261810000,7/15/2015,2107.399902,0.424573506,2693206592
7/16/2015,2110.550049,2124.419922,2110.550049,2124.290039,2124.290039,3227080000,7/16/2015,2124.290039,0.410219015,3751935769
7/17/2015,2126.800049,2128.909912,2119.879883,2126.639893,2126.639893,3362750000,7/17/2015,2126.639893,0.419569939,2177729779
7/20/2015,2126.850098,2132.820068,2123.659912,2128.280029,2128.280029,3245870000,7/20/2015,2128.280029,0.409040272,2312535032
7/21/2015,2127.550049,2128.48999,2115.399902,2119.209961,2119.209961,3343690000,7/21/2015,2119.209961,0.422091344,2172362608
7/22/2015,2118.209961,2118.51001,2110,2114.149902,2114.149902,3694070000,7/22/2015,2114.149902,0.430951225,1817913776
7/23/2015,2114.159912,2116.870117,2098.629883,2102.149902,2102.149902,3772810000,7/23/2015,2102.149902,0.41136821,1382725581
7/24/2015,2102.23999,2106.01001,2077.090088,2079.649902,2079.649902,3870040000,7/24/2015,2079.649902,0.392952006,1008154404
7/27/2015,2078.189941,2078.189941,2063.52002,2067.639893,2067.639893,3836750000,7/27/2015,2067.639893,0.377974399,649501589.3
7/28/2015,2070.75,2095.600098,2069.090088,2093.25,2093.25,4117740000,7/28/2015,2093.25,0.371115999,1332451218
7/29/2015,2094.699951,2110.600098,2094.080078,2108.570068,2108.570068,4038900000,7/29/2015,2108.570068,0.390449742,2000721431
7/30/2015,2106.780029,2110.47998,2094.969971,2108.629883,2108.629883,3579410000,7/30/2015,2108.629883,0.408493232,2124567236
7/31/2015,2111.600098,2114.23999,2102.070068,2103.840088,2103.840088,3681340000,7/31/2015,2103.840088,0.414557402,1752550647
8/3/2015,2104.48999,2105.699951,2087.310059,2098.040039,2098.040039,3476770000,8/3/2015,2098.040039,0.409111105,1648021007
8/4/2015,2097.679932,2102.51001,2088.600098,2093.320068,2093.320068,3546710000,8/4/2015,2093.320068,0.366307078,1595999704
8/5/2015,2095.27002,2112.659912,2095.27002,2099.840088,2099.840088,3968680000,8/5/2015,2099.840088,0.401164061,2141108725
8/6/2015,2100.75,2103.320068,2075.530029,2083.560059,2083.560059,4246570000,8/6/2015,2083.560059,0.386378871,1288588087
8/7/2015,2082.610107,2082.610107,2067.909912,2077.570068,2077.570068,3602320000,8/7/2015,2077.570068,0.417334096,1096237295
8/10/2015,2080.97998,2105.350098,2080.97998,2104.179932,2104.179932,3514460000,8/10/2015,2104.179932,0.393317181,2057165110
8/11/2015,2102.659912,2102.659912,2076.48999,2084.070068,2084.070068,3708880000,8/11/2015,2084.070068,0.408701983,1275863223
8/12/2015,2081.100098,2089.060059,2052.090088,2086.050049,2086.050049,4269130000,8/12/2015,2086.050049,0.396455389,1223058079
8/13/2015,2086.189941,2092.929932,2078.26001,2083.389893,2083.389893,3221300000,8/13/2015,2083.389893,0.427726805,1089861250
8/14/2015,2083.149902,2092.449951,2080.610107,2091.540039,2091.540039,2795590000,8/14/2015,2091.540039,0.42419234,1487209662
8/17/2015,2089.699951,2102.870117,2079.300049,2102.439941,2102.439941,2867690000,8/17/2015,2102.439941,0.438906421,2152341705
8/18/2015,2101.98999,2103.469971,2094.139893,2096.919922,2096.919922,2949990000,8/18/2015,2096.919922,0.42133722,1868365576
8/19/2015,2095.689941,2096.169922,2070.530029,2079.610107,2079.610107,3512920000,8/19/2015,2079.610107,0.438126734,1190144019
8/20/2015,2076.610107,2076.610107,2035.72998,2035.72998,2035.72998,3922470000,8/20/2015,2035.72998,0.431575418,-1030802215
8/21/2015,2034.079956,2034.079956,1970.890015,1970.890015,1970.890015,5018240000,8/21/2015,1970.890015,0.440896734,-700178244.1
8/24/2015,1965.150024,1965.150024,1867.01001,1893.209961,1893.209961,6612690000,8/24/2015,1893.209961,0.42694424,-1096251821
8/25/2015,1898.079956,1948.040039,1867.079956,1867.609985,1867.609985,5183560000,8/25/2015,1867.609985,0.431428741,-1268401914
8/26/2015,1872.75,1943.089966,1872.75,1940.51001,1940.51001,5338250000,8/26/2015,1940.51001,0.463384696,-531337152.8
8/27/2015,1942.77002,1989.599976,1942.77002,1987.660034,1987.660034,5006390000,8/27/2015,1987.660034,0.44951543,392226554.7
8/28/2015,1986.060059,1993.47998,1975.189941,1988.869995,1988.869995,3949080000,8/28/2015,1988.869995,0.46544935,62539277.61
8/31/2015,1986.72998,1986.72998,1965.97998,1972.180054,1972.180054,3915100000,8/31/2015,1972.180054,0.474038891,-260571411.5
9/1/2015,1970.089966,1970.089966,1903.069946,1913.849976,1913.849976,4371850000,9/1/2015,1913.849976,0.513793484,-983005883.5
9/2/2015,1916.52002,1948.910034,1916.52002,1948.859985,1948.859985,3742620000,9/2/2015,1948.859985,0.462993131,-358189013.5
9/3/2015,1950.790039,1975.01001,1944.719971,1951.130005,1951.130005,3520700000,9/3/2015,1951.130005,0.454931867,-623883188.8
9/4/2015,1947.76001,1947.76001,1911.209961,1921.219971,1921.219971,3167090000,9/4/2015,1921.219971,0.4805451,-855189057.2
9/8/2015,1927.300049,1970.420044,1927.300049,1969.410034,1969.410034,3548650000,9/8/2015,1969.410034,0.445795987,-84956480.96
9/9/2015,1971.449951,1988.630005,1937.880005,1942.040039,1942.040039,3652120000,9/9/2015,1942.040039,0.47957567,-560123575.2
9/10/2015,1941.589966,1965.290039,1937.189941,1952.290039,1952.290039,3626320000,9/10/2015,1952.290039,0.455826689,-207740543.1
9/11/2015,1951.449951,1961.050049,1939.189941,1961.050049,1961.050049,3218590000,9/11/2015,1961.050049,0.478371758,-9248519.23
9/14/2015,1963.060059,1963.060059,1948.27002,1953.030029,1953.030029,3000200000,9/14/2015,1953.030029,0.469194686,-205729261.5
9/15/2015,1955.099976,1983.189941,1954.300049,1978.089966,1978.089966,3239860000,9/15/2015,1978.089966,0.439149783,450945217.9
9/16/2015,1978.02002,1997.26001,1977.930054,1995.310059,1995.310059,3630680000,9/16/2015,1995.310059,0.457902066,867296455.5
9/17/2015,1995.329956,2020.859985,1986.72998,1990.199951,1990.199951,4183790000,9/17/2015,1990.199951,0.474562529,588318101.3
9/18/2015,1989.660034,1989.660034,1953.449951,1958.030029,1958.030029,6021240000,9/18/2015,1958.030029,0.506005628,70967074.07
9/21/2015,1960.839966,1979.640015,1955.800049,1966.969971,1966.969971,3269350000,9/21/2015,1966.969971,0.469593247,327056397.3
9/22/2015,1961.390015,1961.390015,1929.219971,1942.73999,1942.73999,3808260000,9/22/2015,1942.73999,0.47920721,-171285515
9/23/2015,1943.23999,1949.52002,1932.569946,1938.76001,1938.76001,3190530000,9/23/2015,1938.76001,0.467162848,-111861435.9
9/24/2015,1934.810059,1937.170044,1908.920044,1932.23999,1932.23999,4091530000,9/24/2015,1932.23999,0.451061179,-73621990.64
9/25/2015,1935.930054,1952.890015,1921.5,1931.339966,1931.339966,3721870000,9/25/2015,1931.339966,0.45626807,-42796545.13
9/28/2015,1929.180054,1929.180054,1879.209961,1881.77002,1881.77002,4326660000,9/28/2015,1881.77002,0.42609255,-754863666.3
9/29/2015,1881.900024,1899.47998,1871.910034,1884.089966,1884.089966,4132390000,9/29/2015,1884.089966,0.43869831,-823790905.1
9/30/2015,1887.140015,1920.530029,1887.140015,1920.030029,1920.030029,4525070000,9/30/2015,1920.030029,0.456084136,-127505008
10/1/2015,1919.650024,1927.209961,1900.699951,1923.819946,1923.819946,3983600000,10/1/2015,1923.819946,0.486594429,101770360.9
10/2/2015,1921.77002,1951.359985,1893.699951,1951.359985,1951.359985,4378570000,10/2/2015,1951.359985,0.471074036,464894132.9
10/5/2015,1954.329956,1989.170044,1954.329956,1987.050049,1987.050049,4334490000,10/5/2015,1987.050049,0.452516469,1190335818
10/6/2015,1986.630005,1991.619995,1971.98999,1979.920044,1979.920044,4202400000,10/6/2015,1979.920044,0.452321765,1074863035
10/7/2015,1982.339966,1999.310059,1976.439941,1995.829956,1995.829956,4666470000,10/7/2015,1995.829956,0.432520766,1376634134
10/8/2015,1994.01001,2016.5,1987.530029,2013.430054,2013.430054,3939140000,10/8/2015,2013.430054,0.438177726,1702302483
10/9/2015,2013.72998,2020.130005,2007.609985,2014.890015,2014.890015,3706900000,10/9/2015,2014.890015,0.436253313,1534615750
10/12/2015,2015.650024,2018.660034,2010.550049,2017.459961,2017.459961,2893250000,10/12/2015,2017.459961,0.443926826,1785772164
10/13/2015,2015,2022.339966,2001.780029,2003.689941,2003.689941,3401920000,10/13/2015,2003.689941,0.451541084,1558562755
10/14/2015,2003.660034,2009.560059,1990.72998,1994.23999,1994.23999,3644590000,10/14/2015,1994.23999,0.459109359,1075231157
10/15/2015,1996.469971,2024.150024,1996.469971,2023.859985,2023.859985,3746290000,10/15/2015,2023.859985,0.456829916,2483490049
10/16/2015,2024.369995,2033.540039,2020.459961,2033.109985,2033.109985,3595430000,10/16/2015,2033.109985,0.462127757,1468426255
10/19/2015,2031.72998,2034.449951,2022.310059,2033.660034,2033.660034,3287320000,10/19/2015,2033.660034,0.458756153,1647520253
10/20/2015,2033.130005,2039.119995,2026.609985,2030.77002,2030.77002,3331500000,10/20/2015,2030.77002,0.442876506,1593583430
10/21/2015,2033.469971,2037.969971,2017.219971,2018.939941,2018.939941,3627790000,10/21/2015,2018.939941,0.445496242,1298322501
10/22/2015,2021.880005,2055.199951,2021.880005,2052.51001,2052.51001,4430850000,10/22/2015,2052.51001,0.401994258,2146314710
10/23/2015,2058.189941,2079.73999,2058.189941,2075.149902,2075.149902,4108460000,10/23/2015,2075.149902,0.434201007,2277639622
10/26/2015,2075.080078,2075.139893,2066.530029,2071.179932,2071.179932,3385800000,10/26/2015,2071.179932,0.444942099,2239254089
10/27/2015,2068.75,2070.370117,2058.840088,2065.889893,2065.889893,4216880000,10/27/2015,2065.889893,0.440911437,2223122159
10/28/2015,2066.47998,2090.350098,2063.110107,2090.350098,2090.350098,4698110000,10/28/2015,2090.350098,0.427432568,3026307014
10/29/2015,2088.350098,2092.52002,2082.629883,2089.409912,2089.409912,4008940000,10/29/2015,2089.409912,0.443989872,3363660993
10/30/2015,2090,2094.320068,2079.340088,2079.360107,2079.360107,4256200000,10/30/2015,2079.360107,0.430729295,2325838400
11/2/2015,2080.76001,2106.199951,2080.76001,2104.050049,2104.050049,3760020000,11/2/2015,2104.050049,0.432327478,3057130013
11/3/2015,2102.629883,2116.47998,2097.51001,2109.790039,2109.790039,4272060000,11/3/2015,2109.790039,0.436478911,3341666550
11/4/2015,2110.600098,2114.590088,2096.97998,2102.310059,2102.310059,4078870000,11/4/2015,2102.310059,0.44930069,3163901702
11/5/2015,2101.679932,2108.780029,2090.409912,2099.929932,2099.929932,4051890000,11/5/2015,2099.929932,0.431229299,3080623610
11/6/2015,2098.600098,2101.909912,2083.73999,2099.199951,2099.199951,4369020000,11/6/2015,2099.199951,0.445625255,2722731927
11/9/2015,2096.560059,2096.560059,2068.23999,2078.580078,2078.580078,3882350000,11/9/2015,2078.580078,0.464286318,2002669232
11/10/2015,2077.189941,2083.669922,2069.909912,2081.719971,2081.719971,3821440000,11/10/2015,2081.719971,0.422879741,2162825002
11/11/2015,2083.409912,2086.939941,2074.850098,2075,2075,3692410000,11/11/2015,2075,0.423607052,2142766889
11/12/2015,2072.290039,2072.290039,2045.660034,2045.969971,2045.969971,4016370000,11/12/2015,2045.969971,0.45869043,936173077.9
11/13/2015,2044.640015,2044.640015,2022.02002,2023.040039,2023.040039,4278750000,11/13/2015,2023.040039,0.444630051,505858398
11/16/2015,2022.079956,2053.219971,2019.390015,2053.189941,2053.189941,3741240000,11/16/2015,2053.189941,0.432936088,1317177008
11/17/2015,2053.669922,2066.689941,2045.900024,2050.439941,2050.439941,4427350000,11/17/2015,2050.439941,0.451291481,1233059389
11/18/2015,2051.98999,2085.310059,2051.98999,2083.580078,2083.580078,3926390000,11/18/2015,2083.580078,0.41754548,3054518391
11/19/2015,2083.699951,2086.73999,2078.76001,2081.23999,2081.23999,3628110000,11/19/2015,2081.23999,0.431942007,3227424115
11/20/2015,2082.820068,2097.060059,2082.820068,2089.169922,2089.169922,3929600000,11/20/2015,2089.169922,0.437069063,2107585699
11/23/2015,2089.409912,2095.610107,2081.389893,2086.590088,2086.590088,3587980000,11/23/2015,2086.590088,0.423119416,2041097579
11/24/2015,2084.419922,2094.120117,2070.290039,2089.139893,2089.139893,3884930000,11/24/2015,2089.139893,0.413855116,2068329484
11/25/2015,2089.300049,2093,2086.300049,2088.870117,2088.870117,2852940000,11/25/2015,2088.870117,0.422459457,2226521880
11/27/2015,2088.820068,2093.290039,2084.129883,2090.110107,2090.110107,1466840000,11/27/2015,2090.110107,0.431572527,2044117202
11/30/2015,2090.949951,2093.810059,2080.409912,2080.409912,2080.409912,4275030000,11/30/2015,2080.409912,0.429763736,1718802757
12/1/2015,2082.929932,2103.370117,2082.929932,2102.629883,2102.629883,3712120000,12/1/2015,2102.629883,0.423868299,2681642856
12/2/2015,2101.709961,2104.27002,2077.110107,2079.51001,2079.51001,3950640000,12/2/2015,2079.51001,0.43201226,1914484707
12/3/2015,2080.709961,2085,2042.349976,2049.620117,2049.620117,4306490000,12/3/2015,2049.620117,0.434722579,762878060.2
12/4/2015,2051.23999,2093.840088,2051.23999,2091.689941,2091.689941,4214910000,12/4/2015,2091.689941,0.417115481,2387312599
12/7/2015,2090.419922,2090.419922,2066.780029,2077.070068,2077.070068,4043820000,12/7/2015,2077.070068,0.432052063,2056127766
12/8/2015,2073.389893,2073.850098,2052.320068,2063.590088,2063.590088,4173570000,12/8/2015,2063.590088,0.430657806,1707999374
12/9/2015,2061.169922,2080.330078,2036.530029,2047.619995,2047.619995,4385250000,12/9/2015,2047.619995,0.447071911,888828080.3
12/10/2015,2047.930054,2067.649902,2045.670044,2052.22998,2052.22998,3715150000,12/10/2015,2052.22998,0.42071607,1117329675
12/11/2015,2047.27002,2047.27002,2008.800049,2012.369995,2012.369995,4301060000,12/11/2015,2012.369995,0.446561876,145340174.5
12/14/2015,2013.369995,2022.920044,1993.26001,2021.939941,2021.939941,4612440000,12/14/2015,2021.939941,0.402805432,584071732.6
12/15/2015,2025.550049,2053.870117,2025.550049,2043.410034,2043.410034,4353540000,12/15/2015,2043.410034,0.379995167,1025373532
12/16/2015,2046.5,2076.719971,2042.430054,2073.070068,2073.070068,4635450000,12/16/2015,2073.070068,0.397225823,2541139243
12/17/2015,2073.76001,2076.370117,2041.660034,2041.890015,2041.890015,4327390000,12/17/2015,2041.890015,0.440758313,1182891674
12/18/2015,2040.810059,2040.810059,2005.329956,2005.550049,2005.550049,6683070000,12/18/2015,2005.550049,0.454172771,296092458.4
12/21/2015,2010.27002,2022.900024,2005.930054,2021.150024,2021.150024,3760280000,12/21/2015,2021.150024,0.426884863,687767931.5
12/22/2015,2023.150024,2042.73999,2020.48999,2038.969971,2038.969971,3520860000,12/22/2015,2038.969971,0.428663893,1201747914
12/23/2015,2042.199951,2064.72998,2042.199951,2064.290039,2064.290039,3484090000,12/23/2015,2064.290039,0.411390672,1976328035
12/24/2015,2063.52002,2067.360107,2058.72998,2060.98999,2060.98999,1411860000,12/24/2015,2060.98999,0.429224772,1560467853
12/28/2015,2057.77002,2057.77002,2044.199951,2056.5,2056.5,2492510000,12/28/2015,2056.5,0.45128133,1633583128
12/29/2015,2060.540039,2081.560059,2060.540039,2078.360107,2078.360107,2542000000,12/29/2015,2078.360107,0.420889004,2596642778
12/30/2015,2077.340088,2077.340088,2061.969971,2063.360107,2063.360107,2367430000,12/30/2015,2063.360107,0.441124113,1903021118
12/31/2015,2060.590088,2062.540039,2043.619995,2043.939941,2043.939941,2655330000,12/31/2015,2043.939941,0.475102518,1065685892
1/4/2016,2038.199951,2038.199951,1989.680054,2012.660034,2012.660034,4304880000,1/4/2016,2012.660034,0.492902294,136714596
1/5/2016,2013.780029,2021.939941,2004.170044,2016.709961,2016.709961,3706620000,1/5/2016,2016.709961,0.456152762,237413996.8
1/6/2016,2011.709961,2011.709961,1979.050049,1990.26001,1990.26001,4336660000,1/6/2016,1990.26001,0.438569531,-359510543.3
1/7/2016,1985.319946,1985.319946,1938.829956,1943.089966,1943.089966,5076590000,1/7/2016,1943.089966,0.441221733,-1342058199
1/8/2016,1945.969971,1960.400024,1918.459961,1922.030029,1922.030029,4664940000,1/8/2016,1922.030029,0.450488022,-1250644442
1/11/2016,1926.119995,1935.650024,1901.099976,1923.670044,1923.670044,4607290000,1/11/2016,1923.670044,0.434142169,-1243387761
1/12/2016,1927.829956,1947.380005,1914.349976,1938.680054,1938.680054,4887260000,1/12/2016,1938.680054,0.454451741,-764107469.4
1/13/2016,1940.339966,1950.329956,1886.410034,1890.280029,1890.280029,5087030000,1/13/2016,1890.280029,0.479670256,-1817006985
1/14/2016,1891.680054,1934.469971,1878.930054,1921.839966,1921.839966,5241110000,1/14/2016,1921.839966,0.448384091,-1177880283
1/15/2016,1916.680054,1916.680054,1857.829956,1880.329956,1880.329956,5468460000,1/15/2016,1880.329956,0.473986609,-375450471.3
1/19/2016,1888.660034,1901.439941,1864.599976,1881.329956,1881.329956,4928350000,1/19/2016,1881.329956,0.424265555,-397255911.4
1/20/2016,1876.180054,1876.180054,1812.290039,1859.329956,1859.329956,6416070000,1/20/2016,1859.329956,0.437330571,-498465362.8
1/21/2016,1861.459961,1889.849976,1848.97998,1868.98999,1868.98999,5078810000,1/21/2016,1868.98999,0.464422006,-281360365.4
1/22/2016,1877.400024,1908.849976,1877.400024,1906.900024,1906.900024,4901760000,1/22/2016,1906.900024,0.460116865,199434653.8
1/25/2016,1906.280029,1906.280029,1875.969971,1877.079956,1877.079956,4401380000,1/25/2016,1877.079956,0.489102043,-82723996.06
1/26/2016,1878.790039,1906.72998,1878.790039,1903.630005,1903.630005,4357940000,1/26/2016,1903.630005,0.470502565,278270955.2
1/27/2016,1902.52002,1916.98999,1872.699951,1882.949951,1882.949951,4754040000,1/27/2016,1882.949951,0.475382678,-216293166.1
1/28/2016,1885.219971,1902.959961,1873.650024,1893.359985,1893.359985,4693010000,1/28/2016,1893.359985,0.447429912,300342896.3
1/29/2016,1894,1940.23999,1894,1940.23999,1940.23999,5497570000,1/29/2016,1940.23999,0.442943336,726299406.1
2/1/2016,1936.939941,1947.199951,1920.300049,1939.380005,1939.380005,4322530000,2/1/2016,1939.380005,0.470475826,734733069.7
2/2/2016,1935.26001,1935.26001,1897.290039,1903.030029,1903.030029,4463190000,2/2/2016,1903.030029,0.492497694,305046280
2/3/2016,1907.069946,1918.01001,1872.22998,1912.530029,1912.530029,5172950000,2/3/2016,1912.530029,0.464938638,237203834.5
2/4/2016,1911.670044,1927.349976,1900.52002,1915.449951,1915.449951,5193320000,2/4/2016,1915.449951,0.455520782,252078863.8
2/5/2016,1913.069946,1913.069946,1872.650024,1880.050049,1880.050049,4929940000,2/5/2016,1880.050049,0.442531574,-171172029
2/8/2016,1873.25,1873.25,1828.459961,1853.439941,1853.439941,5636460000,2/8/2016,1853.439941,0.422530303,-325606961.9
2/9/2016,1848.459961,1868.25,1834.939941,1852.209961,1852.209961,5183220000,2/9/2016,1852.209961,0.443606603,-304581054.2
2/10/2016,1857.099976,1881.599976,1850.319946,1851.859985,1851.859985,4471170000,2/10/2016,1851.859985,0.470626303,-359320306.2
2/11/2016,1847,1847,1810.099976,1829.079956,1829.079956,5500800000,2/11/2016,1829.079956,0.459194813,-534835437
2/12/2016,1833.400024,1864.780029,1833.400024,1864.780029,1864.780029,4696920000,2/12/2016,1864.780029,0.449328101,-67018014.69
2/16/2016,1871.439941,1895.77002,1871.439941,1895.579956,1895.579956,4570670000,2/16/2016,1895.579956,0.441889633,471933365.2
2/17/2016,1898.800049,1930.680054,1898.800049,1926.819946,1926.819946,5011540000,2/17/2016,1926.819946,0.440718252,1271543499
2/18/2016,1927.569946,1930,1915.089966,1917.829956,1917.829956,4436490000,2/18/2016,1917.829956,0.459854884,869780396.1
2/19/2016,1916.73999,1918.780029,1902.170044,1917.780029,1917.780029,4142850000,2/19/2016,1917.780029,0.479824669,656853597.3
2/22/2016,1924.439941,1946.699951,1924.439941,1945.5,1945.5,4054710000,2/22/2016,1945.5,0.431894585,1100615703
2/23/2016,1942.380005,1942.380005,1919.439941,1921.27002,1921.27002,3890650000,2/23/2016,1921.27002,0.444795684,679180787.1
2/24/2016,1917.560059,1932.079956,1891,1929.800049,1929.800049,4317250000,2/24/2016,1929.800049,0.468365363,954122107.7
2/25/2016,1931.869995,1951.829956,1925.410034,1951.699951,1951.699951,4118210000,2/25/2016,1951.699951,0.442665183,1653544631
2/26/2016,1954.949951,1962.959961,1945.780029,1948.050049,1948.050049,4348510000,2/26/2016,1948.050049,0.448091603,1037595498
2/29/2016,1947.130005,1958.27002,1931.810059,1932.22998,1932.22998,4588180000,2/29/2016,1932.22998,0.443848698,746722928.9
3/1/2016,1937.089966,1978.349976,1937.089966,1978.349976,1978.349976,4819750000,3/1/2016,1978.349976,0.421747973,2060538257
3/2/2016,1976.599976,1986.51001,1968.800049,1986.449951,1986.449951,4666610000,3/2/2016,1986.449951,0.437546088,2241812060
3/3/2016,1985.599976,1993.689941,1977.369995,1993.400024,1993.400024,5081700000,3/3/2016,1993.400024,0.43668458,2448209618
3/4/2016,1994.01001,2009.130005,1986.77002,1999.98999,1999.98999,6049930000,3/4/2016,1999.98999,0.437601637,2080217797
3/7/2016,1996.109985,2006.119995,1989.380005,2001.76001,2001.76001,4968180000,3/7/2016,2001.76001,0.437400064,1991557373
3/8/2016,1996.880005,1996.880005,1977.430054,1979.26001,1979.26001,4641650000,3/8/2016,1979.26001,0.458243687,1567405018
3/9/2016,1981.439941,1992.689941,1979.839966,1989.26001,1989.26001,4038120000,3/9/2016,1989.26001,0.444190364,1895732383
3/10/2016,1990.969971,2005.079956,1969.25,1989.569946,1989.569946,4376790000,3/10/2016,1989.569946,0.463336591,2038781428
3/11/2016,1994.709961,2022.369995,1994.709961,2022.189941,2022.189941,4078620000,3/11/2016,2022.189941,0.41450384,2577535794
3/14/2016,2019.27002,2024.569946,2012.050049,2019.640015,2019.640015,3487850000,3/14/2016,2019.640015,0.459795405,2706928245
3/15/2016,2015.27002,2015.939941,2005.22998,2015.930054,2015.930054,3560280000,3/15/2016,2015.930054,0.454868032,2854086320
3/16/2016,2014.23999,2032.02002,2010.040039,2027.219971,2027.219971,4057020000,3/16/2016,2027.219971,0.460209557,3325522689
3/17/2016,2026.900024,2046.23999,2022.160034,2040.589966,2040.589966,4530480000,3/17/2016,2040.589966,0.425773421,3587067586
3/18/2016,2041.160034,2052.360107,2041.160034,2049.580078,2049.580078,6503140000,3/18/2016,2049.580078,0.422041812,1982913373
3/21/2016,2047.880005,2053.909912,2043.140015,2051.600098,2051.600098,3376600000,3/21/2016,2051.600098,0.42319891,2197754127
3/22/2016,2048.639893,2056.600098,2040.569946,2049.800049,2049.800049,3418460000,3/22/2016,2049.800049,0.425370509,2217646262
3/23/2016,2048.550049,2048.550049,2034.859985,2036.709961,2036.709961,3639510000,3/23/2016,2036.709961,0.443948161,1945774299
3/24/2016,2032.47998,2036.040039,2022.48999,2035.939941,2035.939941,3407720000,3/24/2016,2035.939941,0.463185743,1818046959
3/28/2016,2037.890015,2042.670044,2031.959961,2037.050049,2037.050049,2809090000,3/28/2016,2037.050049,0.437740564,1904795300
3/29/2016,2035.75,2055.909912,2028.310059,2055.01001,2055.01001,3822330000,3/29/2016,2055.01001,0.453389378,2577311465
3/30/2016,2058.27002,2072.209961,2058.27002,2063.949951,2063.949951,3590310000,3/30/2016,2063.949951,0.447184297,2944274165
3/31/2016,2063.77002,2067.919922,2057.459961,2059.73999,2059.73999,3715280000,3/31/2016,2059.73999,0.443976628,2486571352
4/1/2016,2056.620117,2075.070068,2043.97998,2072.780029,2072.780029,3749990000,4/1/2016,2072.780029,0.446000373,2662766852
4/4/2016,2073.189941,2074.02002,2062.570068,2066.129883,2066.129883,3485710000,4/4/2016,2066.129883,0.444518227,2502539002
4/5/2016,2062.5,2062.5,2042.560059,2045.170044,2045.170044,4154920000,4/5/2016,2045.170044,0.440979107,1925384214
4/6/2016,2045.560059,2067.330078,2043.089966,2066.659912,2066.659912,3750800000,4/6/2016,2066.659912,0.42509224,2699898370
4/7/2016,2063.01001,2063.01001,2033.800049,2041.910034,2041.910034,3801250000,4/7/2016,2041.910034,0.47403146,1778367909
4/8/2016,2045.540039,2060.629883,2041.689941,2047.599976,2047.599976,3359530000,4/8/2016,2047.599976,0.450602332,1929594458
4/11/2016,2050.22998,2062.929932,2041.880005,2041.98999,2041.98999,3567840000,4/11/2016,2041.98999,0.437726531,1759036139
4/12/2016,2043.719971,2065.050049,2039.73999,2061.719971,2061.719971,4239740000,4/12/2016,2061.719971,0.42087427,2620696168
4/13/2016,2065.919922,2083.179932,2065.919922,2082.419922,2082.419922,4191830000,4/13/2016,2082.419922,0.436222642,3665229160
4/14/2016,2082.889893,2087.840088,2078.129883,2082.780029,2082.780029,3765870000,4/14/2016,2082.780029,0.430578176,3744996414
4/15/2016,2083.100098,2083.219971,2076.310059,2080.72998,2080.72998,3701450000,4/15/2016,2080.72998,0.454193855,1612200580
4/18/2016,2078.830078,2094.659912,2073.649902,2094.340088,2094.340088,3316880000,4/18/2016,2094.340088,0.422089382,1941694498
4/19/2016,2096.050049,2104.050049,2091.679932,2100.800049,2100.800049,3896830000,4/19/2016,2100.800049,0.427862244,2093229326
4/20/2016,2101.52002,2111.050049,2096.320068,2102.399902,2102.399902,4184880000,4/20/2016,2102.399902,0.414997311,2184773088
4/21/2016,2102.090088,2103.780029,2088.52002,2091.47998,2091.47998,4175290000,4/21/2016,2091.47998,0.408793043,1915793324
4/22/2016,2091.48999,2094.320068,2081.199951,2091.580078,2091.580078,3790580000,4/22/2016,2091.580078,0.426698913,1543878960
4/25/2016,2089.370117,2089.370117,2077.52002,2087.790039,2087.790039,3319740000,4/25/2016,2087.790039,0.418551875,1598289892
4/26/2016,2089.840088,2096.870117,2085.800049,2091.699951,2091.699951,3557190000,4/26/2016,2091.699951,0.412431126,1606494629
4/27/2016,2092.330078,2099.889893,2082.310059,2095.149902,2095.149902,4100110000,4/27/2016,2095.149902,0.422620402,1592998572
4/28/2016,2090.929932,2099.300049,2071.620117,2075.810059,2075.810059,4309840000,4/28/2016,2075.810059,0.429197891,1181440575
4/29/2016,2071.820068,2073.850098,2052.280029,2065.300049,2065.300049,4704720000,4/29/2016,2065.300049,0.448883727,1140488106
5/2/2016,2067.169922,2083.419922,2066.110107,2081.429932,2081.429932,3841110000,5/2/2016,2081.429932,0.42659853,1707694653
5/3/2016,2077.179932,2077.179932,2054.889893,2063.370117,2063.370117,4173390000,5/3/2016,2063.370117,0.450782961,1326277025
5/4/2016,2060.300049,2060.300049,2045.550049,2051.120117,2051.120117,4058560000,5/4/2016,2051.120117,0.45637519,941401806.1
5/5/2016,2052.949951,2060.22998,2045.77002,2050.629883,2050.629883,4008530000,5/5/2016,2050.629883,0.465035257,873688280.5
5/6/2016,2047.77002,2057.719971,2039.449951,2057.139893,2057.139893,3796350000,5/6/2016,2057.139893,0.43358295,1238117228
5/9/2016,2057.550049,2064.149902,2054.310059,2058.689941,2058.689941,3788620000,5/9/2016,2058.689941,0.460312754,1376757320
5/10/2016,2062.629883,2084.870117,2062.629883,2084.389893,2084.389893,3600200000,5/10/2016,2084.389893,0.442543808,2389425328
5/11/2016,2083.290039,2083.290039,2064.459961,2064.459961,2064.459961,3821980000,5/11/2016,2064.459961,0.477911245,1422476466
5/12/2016,2067.169922,2073.98999,2053.129883,2064.110107,2064.110107,3782390000,5/12/2016,2064.110107,0.44118674,1407285386
5/13/2016,2062.5,2066.790039,2043.130005,2046.609985,2046.609985,3579880000,5/13/2016,2046.609985,0.438414817,747015660.1
5/16/2016,2046.530029,2071.879883,2046.530029,2066.659912,2066.659912,3501360000,5/16/2016,2066.659912,0.43866066,1345041760
5/17/2016,2065.040039,2065.689941,2040.819946,2047.209961,2047.209961,4108960000,5/17/2016,2047.209961,0.478400872,608207850.8
5/18/2016,2044.380005,2060.610107,2034.48999,2047.630005,2047.630005,4101320000,5/18/2016,2047.630005,0.463532103,623281588.9
5/19/2016,2044.209961,2044.209961,2025.910034,2040.040039,2040.040039,3846770000,5/19/2016,2040.040039,0.461414593,232951431.4
5/20/2016,2041.880005,2058.350098,2041.880005,2052.320068,2052.320068,3507650000,5/20/2016,2052.320068,0.460682532,835991624.5
5/23/2016,2052.22998,2055.580078,2047.26001,2048.040039,2048.040039,3055480000,5/23/2016,2048.040039,0.447003722,768651469.8
5/24/2016,2052.649902,2079.669922,2052.649902,2076.060059,2076.060059,3627340000,5/24/2016,2076.060059,0.401199678,1762288177
5/25/2016,2078.929932,2094.72998,2078.929932,2090.540039,2090.540039,3859160000,5/25/2016,2090.540039,0.433918686,2368795626
5/26/2016,2091.439941,2094.300049,2087.080078,2090.100098,2090.100098,3230990000,5/26/2016,2090.100098,0.443469037,2633433342
5/27/2016,2090.060059,2099.060059,2090.060059,2099.060059,2099.060059,3079150000,5/27/2016,2099.060059,0.423957934,2138576901
5/31/2016,2100.129883,2103.47998,2088.659912,2096.949951,2096.949951,4514410000,5/31/2016,2096.949951,0.441097889,2084096961
6/1/2016,2093.939941,2100.969971,2085.100098,2099.330078,2099.330078,3525170000,6/1/2016,2099.330078,0.432036017,2092914813
6/2/2016,2097.709961,2105.26001,2088.590088,2105.26001,2105.26001,3632720000,6/2/2016,2105.26001,0.420858444,2452774846
6/3/2016,2104.070068,2104.070068,2085.360107,2099.129883,2099.129883,3627780000,6/3/2016,2099.129883,0.457608375,1974596288
6/6/2016,2100.830078,2113.360107,2100.830078,2109.409912,2109.409912,3442020000,6/6/2016,2109.409912,0.422348863,2386878787
6/7/2016,2110.179932,2119.219971,2110.179932,2112.129883,2112.129883,3534730000,6/7/2016,2112.129883,0.412988518,2464050344
6/8/2016,2112.709961,2120.550049,2112.709961,2119.120117,2119.120117,3562060000,6/8/2016,2119.120117,0.408115827,2903662121
6/9/2016,2115.649902,2117.639893,2107.72998,2115.47998,2115.47998,3290320000,6/9/2016,2115.47998,0.428690604,2828218932
6/10/2016,2109.570068,2109.570068,2089.959961,2096.070068,2096.070068,3515010000,6/10/2016,2096.070068,0.47027715,1825522493
6/13/2016,2091.75,2098.120117,2078.459961,2079.060059,2079.060059,3392030000,6/13/2016,2079.060059,0.441381754,1091979205
6/14/2016,2076.649902,2081.300049,2064.100098,2075.320068,2075.320068,3759770000,6/14/2016,2075.320068,0.418567198,1218480836
6/15/2016,2077.600098,2085.649902,2069.800049,2071.5,2071.5,3544720000,6/15/2016,2071.5,0.434682536,1022311837
6/16/2016,2066.360107,2079.620117,2050.370117,2077.98999,2077.98999,3628280000,6/16/2016,2077.98999,0.431125148,1429817152
6/17/2016,2078.199951,2078.199951,2062.840088,2071.219971,2071.219971,4952630000,6/17/2016,2071.219971,0.446232976,705724726.9
6/20/2016,2075.580078,2100.659912,2075.580078,2083.25,2083.25,3467440000,6/20/2016,2083.25,0.393791396,977049513.1
6/21/2016,2085.189941,2093.659912,2083.02002,2088.899902,2088.899902,3232880000,6/21/2016,2088.899902,0.406908674,1139069228
6/22/2016,2089.75,2099.709961,2084.360107,2085.449951,2085.449951,3168160000,6/22/2016,2085.449951,0.412466429,1040508579
6/23/2016,2092.800049,2113.320068,2092.800049,2113.320068,2113.320068,3297940000,6/23/2016,2113.320068,0.411952727,2070835114
6/24/2016,2103.810059,2103.810059,2032.569946,2037.410034,2037.410034,7597450000,6/24/2016,2037.410034,0.465282666,143335708
6/27/2016,2031.449951,2031.449951,1991.680054,2000.540039,2000.540039,5431220000,6/27/2016,2000.540039,0.410988343,-388124018.3
6/28/2016,2006.670044,2036.089966,2006.670044,2036.089966,2036.089966,4385810000,6/28/2016,2036.089966,0.426925255,393041886.1
6/29/2016,2042.689941,2073.129883,2042.689941,2070.77002,2070.77002,4241740000,6/29/2016,2070.77002,0.434962923,1447809568
6/30/2016,2073.169922,2098.939941,2070,2098.860107,2098.860107,4622820000,6/30/2016,2098.860107,0.419785885,2278865077
7/1/2016,2099.340088,2108.709961,2097.899902,2102.949951,2102.949951,3458890000,7/1/2016,2102.949951,0.416265653,1967704863
7/5/2016,2095.050049,2095.050049,2080.860107,2088.550049,2088.550049,3658380000,7/5/2016,2088.550049,0.445242048,1649000298
7/6/2016,2084.429932,2100.719971,2074.02002,2099.72998,2099.72998,3909380000,7/6/2016,2099.72998,0.411286057,2113702589
7/7/2016,2100.419922,2109.080078,2089.389893,2097.899902,2097.899902,3604550000,7/7/2016,2097.899902,0.431302767,2176331777
7/8/2016,2106.969971,2131.709961,2106.969971,2129.899902,2129.899902,3607500000,7/8/2016,2129.899902,0.397013867,2905121504
7/11/2016,2131.719971,2143.159912,2131.719971,2137.159912,2137.159912,3253340000,7/11/2016,2137.159912,0.401994426,3328334725
7/12/2016,2139.5,2155.399902,2139.5,2152.139893,2152.139893,4097820000,7/12/2016,2152.139893,0.398662425,3726095542
7/13/2016,2153.810059,2156.449951,2146.209961,2152.429932,2152.429932,3502320000,7/13/2016,2152.429932,0.403261087,3529125034
7/14/2016,2157.879883,2168.98999,2157.879883,2163.75,2163.75,3465610000,7/14/2016,2163.75,0.398326558,4335890146
7/15/2016,2165.129883,2169.050049,2155.790039,2161.73999,2161.73999,3122600000,7/15/2016,2161.73999,0.410285164,2212109310
7/18/2016,2162.040039,2168.350098,2159.629883,2166.889893,2166.889893,3009310000,7/18/2016,2166.889893,0.389320565,2542586429
7/19/2016,2163.790039,2164.629883,2159.01001,2163.780029,2163.780029,2968340000,7/19/2016,2163.780029,0.402348439,2592071926
7/20/2016,2166.100098,2175.629883,2164.889893,2173.02002,2173.02002,3211860000,7/20/2016,2173.02002,0.40348852,3044126597
7/21/2016,2172.909912,2174.560059,2159.75,2165.169922,2165.169922,3438900000,7/21/2016,2165.169922,0.405975887,2683166421
7/22/2016,2166.469971,2175.110107,2163.23999,2175.030029,2175.030029,3023280000,7/22/2016,2175.030029,0.411136806,2497225802
7/25/2016,2173.709961,2173.709961,2161.949951,2168.47998,2168.47998,3057240000,7/25/2016,2168.47998,0.389420843,2351604645
7/26/2016,2168.969971,2173.540039,2160.179932,2169.179932,2169.179932,3442350000,7/26/2016,2169.179932,0.393701839,2265239341
7/27/2016,2169.810059,2174.97998,2159.070068,2166.580078,2166.580078,3995500000,7/27/2016,2166.580078,0.397989919,2539950625
7/28/2016,2166.050049,2172.850098,2159.73999,2170.060059,2170.060059,3664240000,7/28/2016,2170.060059,0.407462151,2750425588
7/29/2016,2168.830078,2177.090088,2163.48999,2173.600098,2173.600098,4038840000,7/29/2016,2173.600098,0.420351401,2544098511
8/1/2016,2173.149902,2178.290039,2166.209961,2170.840088,2170.840088,3505990000,8/1/2016,2170.840088,0.412735916,2640509289
8/2/2016,2169.939941,2170.199951,2147.580078,2157.030029,2157.030029,3848750000,8/2/2016,2157.030029,0.430008849,2161471366
8/3/2016,2156.810059,2163.790039,2152.560059,2163.790039,2163.790039,3786530000,8/3/2016,2163.790039,0.441997473,2429117592
8/4/2016,2163.51001,2168.189941,2159.070068,2164.25,2164.25,3709200000,8/4/2016,2164.25,0.425060358,2611507378
8/8/2016,2183.76001,2185.439941,2177.850098,2180.889893,2180.889893,3327550000,8/8/2016,2180.889893,0.412822614,3038872608
8/9/2016,2182.23999,2187.659912,2178.610107,2181.73999,2181.73999,3334300000,8/9/2016,2181.73999,0.414925274,3218806675
8/10/2016,2182.810059,2183.409912,2172,2175.48999,2175.48999,3254950000,8/10/2016,2175.48999,0.41924128,2949217803
8/11/2016,2177.969971,2188.449951,2177.969971,2185.790039,2185.790039,3423160000,8/11/2016,2185.790039,0.400013855,3437947186
8/12/2016,2183.73999,2186.280029,2179.419922,2184.050049,2184.050049,3000660000,8/12/2016,2184.050049,0.416645413,2933433025
8/15/2016,2186.080078,2193.810059,2186.080078,2190.149902,2190.149902,3078530000,8/15/2016,2190.149902,0.391054114,3233938681
8/16/2016,2186.23999,2186.23999,2178.139893,2178.149902,2178.149902,3196400000,8/16/2016,2178.149902,0.412726958,2631894880
8/17/2016,2177.840088,2183.080078,2168.5,2182.219971,2182.219971,3388910000,8/17/2016,2182.219971,0.404956434,2972769485
8/18/2016,2181.899902,2187.030029,2180.459961,2187.02002,2187.02002,3300570000,8/18/2016,2187.02002,0.414598369,3237901856
8/19/2016,2184.23999,2185,2175.129883,2183.870117,2183.870117,3084800000,8/19/2016,2183.870117,0.41795889,1886771205
8/22/2016,2181.580078,2185.149902,2175.959961,2182.639893,2182.639893,2777550000,8/22/2016,2182.639893,0.384853955,1957383214
8/23/2016,2187.810059,2193.419922,2186.800049,2186.899902,2186.899902,3041490000,8/23/2016,2186.899902,0.390311503,2255346968
8/24/2016,2185.090088,2186.659912,2171.25,2175.439941,2175.439941,3148280000,8/24/2016,2175.439941,0.418052512,1670373836
8/25/2016,2173.290039,2179,2169.73999,2172.469971,2172.469971,2969310000,8/25/2016,2172.469971,0.422938803,1676291895
8/26/2016,2175.100098,2187.939941,2160.389893,2169.040039,2169.040039,3342340000,8/26/2016,2169.040039,0.434989747,1666646339
8/29/2016,2170.189941,2183.47998,2170.189941,2180.379883,2180.379883,2654780000,8/29/2016,2180.379883,0.409401255,2211090143
8/30/2016,2179.449951,2182.27002,2170.409912,2176.120117,2176.120117,3006800000,8/30/2016,2176.120117,0.421011862,1837775695
8/31/2016,2173.560059,2173.790039,2161.350098,2170.949951,2170.949951,3766390000,8/31/2016,2170.949951,0.417392502,1692810663
9/1/2016,2171.330078,2173.560059,2157.090088,2170.860107,2170.860107,3392120000,9/1/2016,2170.860107,0.433967347,1922523661
9/2/2016,2177.48999,2184.870117,2173.590088,2179.97998,2179.97998,3091120000,9/2/2016,2179.97998,0.426141065,2159846908
9/6/2016,2181.610107,2186.570068,2175.100098,2186.47998,2186.47998,3447650000,9/6/2016,2186.47998,0.44193152,2857730483
9/7/2016,2185.169922,2187.870117,2179.070068,2186.159912,2186.159912,3319420000,9/7/2016,2186.16,0.456691563,3011920153
9/8/2016,2182.76001,2184.939941,2177.48999,2181.300049,2181.300049,3727840000,9/8/2016,2181.300049,0.441089756,2639822948
9/9/2016,2169.080078,2169.080078,2127.810059,2127.810059,2127.810059,4233960000,9/9/2016,2127.81,0.485356719,138347397.4
9/12/2016,2120.860107,2163.300049,2119.120117,2159.040039,2159.040039,4010480000,9/12/2016,2159.04,0.415889648,1467106675
9/13/2016,2150.469971,2150.469971,2120.27002,2127.02002,2127.02002,4141670000,9/13/2016,2127.02,0.472376338,206431973.6
9/14/2016,2127.860107,2141.330078,2119.899902,2125.77002,2125.77002,3664100000,9/14/2016,2125.77,0.454349323,453189500.4
9/15/2016,2125.360107,2151.310059,2122.360107,2147.26001,2147.26001,3373720000,9/15/2016,2147.26,0.436488888,1763279482
9/16/2016,2146.47998,2146.47998,2131.199951,2139.159912,2139.159912,5014360000,9/16/2016,2139.16,0.49259321,1187648409
9/19/2016,2143.98999,2153.610107,2135.909912,2139.120117,2139.120117,3163000000,9/19/2016,2139.12,0.441445844,1081142561
9/20/2016,2145.939941,2150.800049,2139.169922,2139.76001,2139.76001,3140730000,9/20/2016,2139.76,0.469373356,1262656626
9/21/2016,2144.580078,2165.110107,2139.570068,2163.120117,2163.120117,3712090000,9/21/2016,2163.12,0.447373808,2208944717
9/22/2016,2170.939941,2179.98999,2170.939941,2177.179932,2177.179932,3552830000,9/22/2016,2177.18,0.434221221,3278783458
9/23/2016,2173.290039,2173.75,2163.969971,2164.689941,2164.689941,3317190000,9/23/2016,2164.69,0.449445484,1752291253
9/26/2016,2158.540039,2158.540039,2145.040039,2146.100098,2146.100098,3216170000,9/26/2016,2146.1,0.459214743,1096990737
9/27/2016,2146.040039,2161.129883,2141.550049,2159.929932,2159.929932,3437770000,9/27/2016,2159.93,0.433278513,1901928595
9/28/2016,2161.850098,2172.399902,2151.790039,2171.370117,2171.370117,3891460000,9/28/2016,2171.37,0.480763302,2396436212
9/29/2016,2168.899902,2172.669922,2145.199951,2151.129883,2151.129883,4249220000,9/29/2016,2151.13,0.481161475,1463816461
9/30/2016,2156.51001,2175.300049,2156.51001,2168.27002,2168.27002,4173340000,9/30/2016,2168.27,0.41216523,1833829524
10/3/2016,2164.330078,2164.409912,2154.77002,2161.199951,2161.199951,3137550000,10/3/2016,2161.2,0.491606415,1827744020
10/4/2016,2163.370117,2165.459961,2144.01001,2150.48999,2150.48999,3750890000,10/4/2016,2150.49,0.486275774,1685482590
10/5/2016,2155.149902,2163.949951,2155.149902,2159.72998,2159.72998,3906550000,10/5/2016,2159.73,0.464550019,2247863461
10/6/2016,2158.219971,2162.929932,2150.280029,2160.77002,2160.77002,3461550000,10/6/2016,2160.77,0.451760501,2318307924
10/7/2016,2164.189941,2165.860107,2144.850098,2153.73999,2153.73999,3619890000,10/7/2016,2153.74,0.466306106,1857342772
10/10/2016,2160.389893,2169.600098,2160.389893,2163.659912,2163.659912,2916550000,10/10/2016,2163.66,0.4131082,2554594365
10/11/2016,2161.350098,2161.560059,2128.840088,2136.72998,2136.72998,3438270000,10/11/2016,2136.73,0.487976858,1489958559
10/12/2016,2137.669922,2145.360107,2132.77002,2139.179932,2139.179932,2977100000,10/12/2016,2139.18,0.438016719,1675949277
10/13/2016,2130.26001,2138.189941,2114.719971,2132.550049,2132.550049,3580450000,10/13/2016,2132.55,0.457915958,1008347683
10/14/2016,2139.679932,2149.189941,2132.97998,2132.97998,2132.97998,3228150000,10/14/2016,2132.98,0.458850301,1392173736
10/17/2016,2132.949951,2135.610107,2124.429932,2126.5,2126.5,2830390000,10/17/2016,2126.5,0.442259435,1137181849
10/18/2016,2138.310059,2144.379883,2135.48999,2139.600098,2139.600098,3170000000,10/18/2016,2139.6,0.457746061,1928994814
10/19/2016,2140.810059,2148.439941,2138.149902,2144.290039,2144.290039,3362670000,10/19/2016,2144.29,0.466571758,2300816193
10/20/2016,2142.51001,2147.179932,2133.439941,2141.340088,2141.340088,3337170000,10/20/2016,2141.34,0.476144813,2051637793
10/21/2016,2139.429932,2142.629883,2130.090088,2141.159912,2141.159912,3448850000,10/21/2016,2141.16,0.461491872,1420346093
10/24/2016,2148.5,2154.790039,2146.909912,2151.330078,2151.330078,3357320000,10/24/2016,2151.33,0.459779302,1894308248
10/25/2016,2149.719971,2151.439941,2141.929932,2143.159912,2143.159912,3751340000,10/25/2016,2143.16,0.438076327,1735570477
10/26/2016,2136.969971,2145.72998,2131.590088,2139.429932,2139.429932,3775200000,10/26/2016,2139.43,0.459614305,1491017957
10/27/2016,2144.060059,2147.129883,2132.52002,2133.040039,2133.040039,4204830000,10/27/2016,2133.04,0.450341972,1282380977
10/28/2016,2132.22998,2140.719971,2119.360107,2126.409912,2126.409912,4019510000,10/28/2016,2126.41,0.438511916,1109121056
10/31/2016,2129.780029,2133.25,2125.530029,2126.149902,2126.149902,3922400000,10/31/2016,2126.15,0.451038452,1111644471
11/1/2016,2128.679932,2131.449951,2097.850098,2111.719971,2111.719971,4532160000,11/1/2016,2111.72,0.450684385,675195055.2
11/2/2016,2109.429932,2111.76001,2094,2097.939941,2097.939941,4248580000,11/2/2016,2097.94,0.444756685,37847514.2
11/3/2016,2098.800049,2102.560059,2085.22998,2088.659912,2088.659912,3886740000,11/3/2016,2088.66,0.455304361,-438477709.7
11/4/2016,2083.790039,2099.070068,2083.790039,2085.179932,2085.179932,3837860000,11/4/2016,2085.18,0.442731454,-58173193.53
11/7/2016,2100.590088,2132,2100.590088,2131.52002,2131.52002,3736060000,11/7/2016,2131.52,0.410896123,1344535317
11/8/2016,2129.919922,2146.870117,2123.560059,2139.560059,2139.560059,3916930000,11/8/2016,2139.56,0.430407188,1794665753
11/9/2016,2131.560059,2170.100098,2125.350098,2163.26001,2163.26001,6264150000,11/9/2016,2163.26,0.445400568,2192023913
11/10/2016,2167.48999,2182.300049,2151.169922,2167.47998,2167.47998,6451640000,11/10/2016,2167.48,0.442384091,1537673330
11/11/2016,2162.709961,2165.919922,2152.48999,2164.449951,2164.449951,4988050000,11/11/2016,2164.45,0.432582518,1618307242
11/14/2016,2165.639893,2171.360107,2156.080078,2164.199951,2164.199951,5367200000,11/14/2016,2164.2,0.432129312,1301794959
11/15/2016,2168.290039,2180.840088,2166.379883,2180.389893,2180.389893,4543860000,11/15/2016,2180.39,0.424198164,1885661129
11/16/2016,2177.530029,2179.219971,2172.199951,2176.939941,2176.939941,3830590000,11/16/2016,2176.94,0.452437324,2143823280
11/17/2016,2178.610107,2188.060059,2176.649902,2187.120117,2187.120117,3809160000,11/17/2016,2187.12,0.44950317,2646420144
11/18/2016,2186.850098,2189.889893,2180.379883,2181.899902,2181.899902,3572400000,11/18/2016,2181.9,0.454071576,1625513597
11/21/2016,2186.429932,2198.699951,2186.429932,2198.179932,2198.179932,3607010000,11/21/2016,2198.18,0.433355365,2333800006
11/22/2016,2201.560059,2204.800049,2194.51001,2202.939941,2202.939941,3957940000,11/22/2016,2202.94,0.433620013,2600775435
11/23/2016,2198.550049,2204.719971,2194.51001,2204.719971,2204.719971,3418640000,11/23/2016,2204.72,0.434332568,2513961245
11/25/2016,2206.27002,2213.350098,2206.27002,2213.350098,2213.350098,1584600000,11/25/2016,2213.35,0.462713568,2432575109
11/28/2016,2210.209961,2211.139893,2200.360107,2201.719971,2201.719971,3505650000,11/28/2016,2201.72,0.420242203,2121601421
11/29/2016,2200.76001,2210.459961,2198.149902,2204.659912,2204.659912,3706560000,11/29/2016,2204.66,0.418964479,2055470104
11/30/2016,2204.969971,2214.100098,2198.810059,2198.810059,2198.810059,5533980000,11/30/2016,2198.81,0.44724199,1539471589
12/1/2016,2200.169922,2202.600098,2187.439941,2191.080078,2191.080078,5063740000,12/1/2016,2191.08,0.447618817,1085344302
12/2/2016,2191.120117,2197.949951,2188.370117,2191.949951,2191.949951,3779500000,12/2/2016,2191.95,0.436378386,1419736104
12/5/2016,2200.649902,2209.419922,2199.969971,2204.709961,2204.709961,3895230000,12/5/2016,2204.71,0.423944715,1878563794
12/6/2016,2207.26001,2212.780029,2202.209961,2212.22998,2212.22998,3855320000,12/6/2016,2212.23,0.425363096,2185484788
12/7/2016,2210.719971,2241.629883,2208.929932,2241.350098,2241.350098,4501820000,12/7/2016,2241.35,0.42450339,3255150164
12/8/2016,2241.129883,2251.689941,2237.570068,2246.189941,2246.189941,4200580000,12/8/2016,2246.19,0.420890007,3454439962
12/9/2016,2249.72998,2259.800049,2249.22998,2259.530029,2259.530029,3884480000,12/9/2016,2259.53,0.414544693,3402208391
12/12/2016,2258.830078,2264.030029,2252.370117,2256.959961,2256.959961,4034510000,12/12/2016,2256.96,0.425341742,3280072338
12/13/2016,2263.320068,2277.530029,2263.320068,2271.719971,2271.719971,3857590000,12/13/2016,2271.72,0.425956979,4279301953
12/14/2016,2268.350098,2276.199951,2248.439941,2253.280029,2253.280029,4406970000,12/14/2016,2253.28,0.462885028,3631288373
12/15/2016,2253.77002,2272.120117,2253.77002,2262.030029,2262.030029,4168200000,12/15/2016,2262.03,0.443190281,4178940423
12/16/2016,2266.810059,2268.050049,2254.23999,2258.070068,2258.070068,5920340000,12/16/2016,2258.07,0.448954818,2509639260
12/19/2016,2259.23999,2267.469971,2258.209961,2262.530029,2262.530029,3248370000,12/19/2016,2262.53,0.417452952,2839790436
12/20/2016,2266.5,2272.560059,2266.139893,2270.76001,2270.76001,3298780000,12/20/2016,2270.76,0.415901409,3173530534
12/21/2016,2270.540039,2271.22998,2265.149902,2265.179932,2265.179932,2852230000,12/21/2016,2265.18,0.436414751,3066078716
12/22/2016,2262.929932,2263.179932,2256.080078,2260.959961,2260.959961,2876320000,12/22/2016,2260.96,0.437704966,2583601284
12/23/2016,2260.25,2263.790039,2258.840088,2263.790039,2263.790039,2020550000,12/23/2016,2263.79,0.431496871,2500880952
12/27/2016,2266.22998,2273.820068,2266.149902,2268.879883,2268.879883,1987080000,12/27/2016,2268.88,0.443987141,2820190469
12/28/2016,2270.22998,2271.310059,2249.110107,2249.919922,2249.919922,2392360000,12/28/2016,2249.92,0.471166345,2132294476
12/29/2016,2249.5,2254.51001,2244.560059,2249.26001,2249.26001,2336370000,12/29/2016,2249.26,0.455021694,1856504137
12/30/2016,2251.610107,2253.580078,2233.620117,2238.830078,2238.830078,2670900000,12/30/2016,2238.83,0.462483771,1609280878
1/3/2017,2251.570068,2263.879883,2245.129883,2257.830078,2257.830078,3770530000,1/3/2017,2257.83,0.419044074,2289156551
1/4/2017,2261.600098,2272.820068,2261.600098,2270.75,2270.75,3764890000,1/4/2017,2270.75,0.447651229,2751534497
1/5/2017,2268.179932,2271.5,2260.449951,2269,2269,3761820000,1/5/2017,2269,0.456314381,3318908622
1/6/2017,2271.139893,2282.100098,2264.060059,2276.97998,2276.97998,3339890000,1/6/2017,2276.98,0.432638321,3211639551
1/9/2017,2273.590088,2275.48999,2268.899902,2268.899902,2268.899902,3217610000,1/9/2017,2268.9,0.44501412,3199197352
1/10/2017,2269.719971,2279.27002,2265.27002,2268.899902,2268.899902,3638790000,1/10/2017,2268.9,0.446320571,3280307540
1/11/2017,2268.600098,2275.320068,2260.830078,2275.320068,2275.320068,3620410000,1/11/2017,2275.32,0.454319234,3700475442
1/12/2017,2271.139893,2271.780029,2254.25,2270.439941,2270.439941,3462130000,1/12/2017,2270.44,0.438331391,3707984953
1/13/2017,2272.73999,2278.679932,2271.51001,2274.639893,2274.639893,3081270000,1/13/2017,2274.64,0.458904586,3511712221
1/17/2017,2269.139893,2272.080078,2262.810059,2267.889893,2267.889893,3584990000,1/17/2017,2267.89,0.454038612,3429336677
1/18/2017,2269.139893,2272.01001,2263.350098,2271.889893,2271.889893,3315250000,1/18/2017,2271.89,0.435874903,3768468754
1/19/2017,2271.899902,2274.330078,2258.409912,2263.689941,2263.689941,3165970000,1/19/2017,2263.69,0.441959069,3297701001
1/20/2017,2269.959961,2276.959961,2265.01001,2271.310059,2271.310059,3524970000,1/20/2017,2271.31,0.436632488,1578099266
1/23/2017,2267.780029,2271.780029,2257.02002,2265.199951,2265.199951,3152710000,1/23/2017,2265.2,0.431358973,1708750825
1/24/2017,2267.879883,2284.629883,2266.679932,2280.070068,2280.070068,3810960000,1/24/2017,2280.07,0.427471226,2289289789
1/25/2017,2288.879883,2299.550049,2288.879883,2298.370117,2298.370117,3846020000,1/25/2017,2298.37,0.428454691,3111756196
1/26/2017,2298.629883,2300.98999,2294.080078,2296.679932,2296.679932,3610360000,1/26/2017,2296.68,0.426885818,3143210035
1/27/2017,2299.02002,2299.02002,2291.620117,2294.689941,2294.689941,3135890000,1/27/2017,2294.69,0.44171405,2348826406
1/30/2017,2286.01001,2286.01001,2268.040039,2280.899902,2280.899902,3591270000,1/30/2017,2280.9,0.419890131,1930516928
1/31/2017,2274.02002,2279.090088,2267.209961,2278.870117,2278.870117,4087450000,1/31/2017,2278.87,0.428198711,1673467851
2/1/2017,2285.590088,2289.139893,2272.439941,2279.550049,2279.550049,3916610000,2/1/2017,2279.55,0.442320684,1969052937
2/2/2017,2276.689941,2283.969971,2271.649902,2280.850098,2280.850098,3807710000,2/2/2017,2280.85,0.422788563,2055582518
2/3/2017,2288.540039,2298.310059,2287.879883,2297.419922,2297.419922,3597970000,2/3/2017,2297.42,0.436298438,2402640120
2/6/2017,2294.280029,2296.179932,2288.570068,2292.560059,2292.560059,3109050000,2/6/2017,2292.56,0.441742456,2450586241
2/7/2017,2295.870117,2299.399902,2290.159912,2293.080078,2293.080078,3448690000,2/7/2017,2293.08,0.460393048,2786921793
2/8/2017,2289.550049,2295.909912,2285.379883,2294.669922,2294.669922,3609740000,2/8/2017,2294.67,0.438992756,3022530587
2/9/2017,2296.699951,2311.080078,2296.610107,2307.870117,2307.870117,3677940000,2/9/2017,2307.87,0.447449751,3690893759
2/10/2017,2312.27002,2319.22998,2311.100098,2316.100098,2316.100098,3475020000,2/10/2017,2316.1,0.435258083,3355841269
2/13/2017,2321.719971,2331.580078,2321.419922,2328.25,2328.25,3349730000,2/13/2017,2328.25,0.422552206,3976258049
2/14/2017,2326.120117,2337.580078,2322.169922,2337.580078,2337.580078,3520910000,2/14/2017,2337.58,0.423784902,4283994471
2/15/2017,2335.580078,2351.300049,2334.810059,2349.25,2349.25,3775590000,2/15/2017,2349.25,0.439635395,4821739777
2/16/2017,2349.639893,2351.310059,2338.870117,2347.219971,2347.219971,3672370000,2/16/2017,2347.22,0.440638017,5052474668
2/17/2017,2343.01001,2351.159912,2339.580078,2351.159912,2351.159912,3513060000,2/17/2017,2351.16,0.436034067,2957371271
2/21/2017,2354.909912,2366.709961,2354.909912,2365.379883,2365.379883,3579780000,2/21/2017,2365.38,0.422297486,3601146629
2/22/2017,2361.110107,2365.129883,2358.340088,2362.820068,2362.820068,3468670000,2/22/2017,2362.82,0.427524674,3786308766
2/23/2017,2367.5,2368.26001,2355.090088,2363.810059,2363.810059,4015260000,2/23/2017,2363.81,0.441064097,3613693302
2/24/2017,2355.72998,2367.340088,2352.870117,2367.340088,2367.340088,3831570000,2/24/2017,2367.34,0.426958122,3063691354
2/27/2017,2365.22998,2371.540039,2361.870117,2369.75,2369.75,3582610000,2/27/2017,2369.75,0.434017558,3308125236
2/28/2017,2366.080078,2367.790039,2358.959961,2363.639893,2363.639893,4210140000,2/28/2017,2363.64,0.43135493,3142043910
3/1/2017,2380.129883,2400.97998,2380.129883,2395.959961,2395.959961,4345180000,3/1/2017,2395.96,0.40271095,4687762677
3/2/2017,2394.75,2394.75,2380.169922,2381.919922,2381.919922,3821320000,3/2/2017,2381.92,0.458811711,3832673727
3/3/2017,2380.919922,2383.889893,2375.389893,2383.120117,2383.120117,3555260000,3/3/2017,2383.12,0.472739996,3380582002
3/6/2017,2375.22998,2378.800049,2367.97998,2375.310059,2375.310059,3232700000,3/6/2017,2375.31,0.443608724,3254215850
3/7/2017,2370.73999,2375.120117,2365.51001,2368.389893,2368.389893,3518390000,3/7/2017,2368.38,0.464110637,3255287384
3/8/2017,2369.810059,2373.090088,2361.01001,2362.97998,2362.97998,3812100000,3/8/2017,2362.98,0.447573817,3175375286
3/9/2017,2363.48999,2369.080078,2354.540039,2364.870117,2364.870117,3716340000,3/9/2017,2364.87,0.438602312,3506070222
3/10/2017,2372.52002,2376.860107,2363.040039,2372.600098,2372.600098,3432950000,3/10/2017,2372.6,0.43778325,3279581351
3/13/2017,2371.560059,2374.419922,2368.52002,2373.469971,2373.469971,3133900000,3/13/2017,2373.47,0.439502967,3429978628
3/14/2017,2368.550049,2368.550049,2358.179932,2365.449951,2365.449951,3172630000,3/14/2017,2365.45,0.446125997,3134659287
3/15/2017,2370.340088,2390.01001,2368.939941,2385.26001,2385.26001,3906840000,3/15/2017,2385.26,0.45151805,4230261605
3/16/2017,2387.709961,2388.100098,2377.179932,2381.379883,2381.379883,3365660000,3/16/2017,2381.38,0.448376468,4489649237
3/17/2017,2383.709961,2385.709961,2377.639893,2378.25,2378.25,5178040000,3/17/2017,2378.25,0.468815015,2358067595
3/20/2017,2378.23999,2379.550049,2369.659912,2373.469971,2373.469971,3054930000,3/20/2017,2373.47,0.436212842,2490429001
3/21/2017,2379.320068,2381.929932,2341.899902,2344.02002,2344.02002,4265590000,3/21/2017,2344.02,0.445827578,888775805
3/22/2017,2343,2351.810059,2336.449951,2348.449951,2348.449951,3572730000,3/22/2017,2348.45,0.413405892,1232622906
3/23/2017,2345.969971,2358.919922,2342.129883,2345.959961,2345.959961,3260600000,3/23/2017,2345.96,0.435438708,914841135.2
3/24/2017,2350.419922,2356.219971,2335.73999,2343.97998,2343.97998,2975130000,3/24/2017,2343.98,0.443039819,1284651965
3/27/2017,2329.110107,2344.899902,2322.25,2341.590088,2341.590088,3240230000,3/27/2017,2341.59,0.420953291,1342419748
3/28/2017,2339.790039,2363.780029,2337.629883,2358.570068,2358.570068,3367780000,3/28/2017,2358.57,0.419241324,2632905699
3/29/2017,2356.540039,2363.360107,2352.939941,2361.129883,2361.129883,3106940000,3/29/2017,2361.13,0.448391711,3181445589
3/30/2017,2361.310059,2370.419922,2358.580078,2368.060059,2368.060059,3158420000,3/30/2017,2368.06,0.447035932,3805342980
3/31/2017,2364.820068,2370.350098,2362.600098,2362.719971,2362.719971,3354110000,3/31/2017,2362.72,0.44170979,2477170052
4/3/2017,2362.340088,2365.870117,2344.72998,2358.840088,2358.840088,3416400000,4/3/2017,2358.84,0.468471902,2586013256
4/4/2017,2354.76001,2360.530029,2350.719971,2360.159912,2360.159912,3206240000,4/4/2017,2360.16,0.430860153,2859520875
4/5/2017,2366.590088,2378.360107,2350.52002,2352.949951,2352.949951,3770520000,4/5/2017,2352.95,0.447498081,2379113132
4/6/2017,2353.790039,2364.159912,2348.899902,2357.48999,2357.48999,3201920000,4/6/2017,2357.49,0.443262496,2075455692
4/7/2017,2356.590088,2363.76001,2350.73999,2355.540039,2355.540039,3053150000,4/7/2017,2355.54,0.43378735,2015509920
4/10/2017,2357.159912,2366.370117,2351.5,2357.159912,2357.159912,2785410000,4/10/2017,2357.16,0.44331705,2310829477
4/11/2017,2353.919922,2355.219971,2337.25,2353.780029,2353.780029,3117420000,4/11/2017,2353.78,0.456264872,1935589540
4/12/2017,2352.149902,2352.719971,2341.179932,2344.929932,2344.929932,3196950000,4/12/2017,2344.93,0.419695229,1410798373
4/13/2017,2341.97998,2348.26001,2328.949951,2328.949951,2328.949951,3143890000,4/13/2017,2328.95,0.433157833,897466670.8
4/17/2017,2332.620117,2349.139893,2332.51001,2349.01001,2349.01001,2824710000,4/17/2017,2349.01,0.437827158,2344564436
4/18/2017,2342.530029,2348.350098,2334.540039,2342.189941,2342.189941,3269840000,4/18/2017,2342.19,0.480253146,2146742289
4/19/2017,2346.790039,2352.629883,2335.050049,2338.169922,2338.169922,3519900000,4/19/2017,2338.17,0.462372295,1937690306
4/20/2017,2342.689941,2361.370117,2340.909912,2355.840088,2355.840088,3647420000,4/20/2017,2355.84,0.45363212,3256252297
4/21/2017,2354.73999,2356.179932,2344.51001,2348.689941,2348.689941,3503360000,4/21/2017,2348.69,0.464717939,1504569269
4/24/2017,2370.330078,2376.97998,2369.189941,2374.149902,2374.149902,3690650000,4/24/2017,2374.15,0.399983938,2542349546
4/25/2017,2381.51001,2392.47998,2381.149902,2388.610107,2388.610107,3995240000,4/25/2017,2388.61,0.432501904,3046181399
4/26/2017,2388.97998,2398.159912,2386.780029,2387.449951,2387.449951,4105920000,4/26/2017,2387.45,0.446437632,3004122874
4/27/2017,2389.699951,2392.100098,2382.679932,2388.77002,2388.77002,4098460000,4/27/2017,2388.77,0.448391925,3172588354
4/28/2017,2393.679932,2393.679932,2382.360107,2384.199951,2384.199951,3718270000,4/28/2017,2384.2,0.45972748,2661533678
5/1/2017,2388.5,2394.48999,2384.830078,2388.330078,2388.330078,3199240000,5/1/2017,2388.33,0.457717321,2936505640
5/2/2017,2391.050049,2392.929932,2385.820068,2391.169922,2391.169922,3813680000,5/2/2017,2391.17,0.450856824,3236252325
5/3/2017,2386.5,2389.820068,2379.75,2388.129883,2388.129883,3893990000,5/3/2017,2388.13,0.446220731,3329037095
5/4/2017,2389.790039,2391.429932,2380.350098,2389.52002,2389.52002,4362540000,5/4/2017,2389.52,0.455712338,3557770433
5/5/2017,2392.370117,2399.290039,2389.379883,2399.290039,2399.290039,3540140000,5/5/2017,2399.29,0.430111819,3228449803
5/8/2017,2399.939941,2401.360107,2393.919922,2399.379883,2399.379883,3429440000,5/8/2017,2399.38,0.43444199,3618016838
5/9/2017,2401.580078,2403.870117,2392.439941,2396.919922,2396.919922,3653590000,5/9/2017,2396.92,0.428232476,3808223236
5/10/2017,2396.790039,2399.73999,2392.790039,2399.629883,2399.629883,3643530000,5/10/2017,2399.63,0.430030356,3390014046
5/11/2017,2394.840088,2395.719971,2381.73999,2394.439941,2394.439941,3727420000,5/11/2017,2394.44,0.418803691,3172535332
5/12/2017,2392.439941,2392.439941,2387.189941,2390.899902,2390.899902,3305630000,5/12/2017,2390.9,0.448229203,3114109854
5/15/2017,2393.97998,2404.050049,2393.939941,2402.320068,2402.320068,3473600000,5/15/2017,2402.32,0.427285829,3630440536
5/16/2017,2404.550049,2405.77002,2396.050049,2400.669922,2400.669922,3420790000,5/16/2017,2400.67,0.438618889,3952074762
5/17/2017,2382.949951,2384.870117,2356.209961,2357.030029,2357.030029,4163000000,5/17/2017,2357.03,0.441798696,398856431.6
5/18/2017,2354.689941,2375.73999,2352.719971,2365.719971,2365.719971,4319420000,5/18/2017,2365.72,0.431309978,1331283511
5/19/2017,2371.370117,2389.060059,2370.429932,2381.72998,2381.72998,3825160000,5/19/2017,2381.73,0.421303519,1852734750
5/22/2017,2387.209961,2395.459961,2386.919922,2394.02002,2394.02002,3172830000,5/22/2017,2394.02,0.401591109,2519774842
5/23/2017,2397.040039,2400.850098,2393.879883,2398.419922,2398.419922,3213570000,5/23/2017,2398.42,0.406205353,2867337046
5/24/2017,2401.409912,2405.580078,2397.98999,2404.389893,2404.389893,3389900000,5/24/2017,2404.39,0.406951138,3657338703
5/25/2017,2409.540039,2418.709961,2408.01001,2415.070068,2415.070068,3535390000,5/25/2017,2415.07,0.401791387,4300610677
5/26/2017,2414.5,2416.679932,2412.199951,2415.820068,2415.820068,2805040000,5/26/2017,2415.82,0.395214203,3210988882
5/30/2017,2411.669922,2415.26001,2409.429932,2412.909912,2412.909912,3203160000,5/30/2017,2412.91,0.396819448,3190396961
5/31/2017,2415.629883,2415.98999,2403.590088,2411.800049,2411.800049,4516110000,5/31/2017,2411.8,0.415669343,2962182039
6/1/2017,2415.649902,2430.060059,2413.540039,2430.060059,2430.060059,3857140000,6/1/2017,2430.06,0.41176641,3945015540
6/2/2017,2431.280029,2440.22998,2427.709961,2439.070068,2439.070068,3461680000,6/2/2017,2439.07,0.39486666,3821719370
6/5/2017,2437.830078,2439.550049,2434.320068,2436.100098,2436.100098,2912600000,6/5/2017,2436.1,0.42711514,3844934697
6/6/2017,2431.919922,2436.209961,2428.120117,2429.330078,2429.330078,3357840000,6/6/2017,2429.33,0.421426721,3418486599
6/7/2017,2432.030029,2435.280029,2424.75,2433.139893,2433.139893,3572300000,6/7/2017,2433.14,0.41780087,3717447228
6/8/2017,2434.27002,2439.27002,2427.939941,2433.790039,2433.790039,3728860000,6/8/2017,2433.79,0.41576724,4125291761
6/9/2017,2436.389893,2446.199951,2415.699951,2431.77002,2431.77002,4027340000,6/9/2017,2431.77,0.430200758,2645365700
6/12/2017,2425.879883,2430.379883,2419.969971,2429.389893,2429.389893,4027750000,6/12/2017,2429.39,0.393552982,2268654011
6/13/2017,2434.149902,2441.48999,2431.280029,2440.350098,2440.350098,3275500000,6/13/2017,2440.35,0.44041644,3163658624
6/14/2017,2443.75,2443.75,2428.340088,2437.919922,2437.919922,3555590000,6/14/2017,2437.92,0.454407391,2956299217
6/15/2017,2424.139893,2433.949951,2418.530029,2432.459961,2432.459961,3353050000,6/15/2017,2432.46,0.430378851,2129686006
6/16/2017,2431.23999,2433.149902,2422.879883,2433.149902,2433.149902,5284720000,6/16/2017,2433.15,0.447624983,1657165659
6/19/2017,2442.550049,2453.820068,2441.790039,2453.459961,2453.459961,3264700000,6/19/2017,2453.46,0.417100841,2727580040
6/20/2017,2450.659912,2450.659912,2436.600098,2437.030029,2437.030029,3416510000,6/20/2017,2437.03,0.424535294,2153739575
6/21/2017,2439.310059,2442.22998,2430.73999,2435.610107,2435.610107,3594820000,6/21/2017,2435.61,0.420796956,2606582316
6/22/2017,2437.399902,2441.620117,2433.27002,2434.5,2434.5,3468210000,6/22/2017,2434.5,0.422974597,2439881363
6/23/2017,2434.649902,2441.399902,2431.110107,2438.300049,2438.300049,5278330000,6/23/2017,2438.3,0.427506742,2240870141
6/26/2017,2443.320068,2450.419922,2437.030029,2439.070068,2439.070068,3238970000,6/26/2017,2439.07,0.417956668,2101967153
6/27/2017,2436.340088,2440.149902,2419.379883,2419.379883,2419.379883,3563910000,6/27/2017,2419.38,0.416977416,904884267.1
6/28/2017,2428.699951,2442.969971,2428.02002,2440.689941,2440.689941,3500800000,6/28/2017,2440.69,0.406576196,2189595144
6/29/2017,2442.379883,2442.72998,2405.699951,2419.699951,2419.699951,3900280000,6/29/2017,2419.7,0.432566526,783130878.6
6/30/2017,2429.199951,2432.709961,2421.649902,2423.409912,2423.409912,3361590000,6/30/2017,2423.41,0.412161331,1311817692
7/3/2017,2431.389893,2439.169922,2428.689941,2429.01001,2429.01001,1962290000,7/3/2017,2429.01,0.415519636,1224692497
7/5/2017,2430.780029,2434.899902,2422.050049,2432.540039,2432.540039,3367220000,7/5/2017,2432.54,0.391467275,1634814000
7/6/2017,2423.439941,2424.280029,2407.699951,2409.75,2409.75,3364520000,7/6/2017,2409.75,0.412950349,741086536.5
7/7/2017,2413.52002,2426.919922,2413.52002,2425.179932,2425.179932,2901330000,7/7/2017,2425.18,0.41142997,1748675387
7/10/2017,2424.51001,2432,2422.27002,2427.429932,2427.429932,2999130000,7/10/2017,2427.43,0.440324654,2236989312
7/11/2017,2427.350098,2429.300049,2412.790039,2425.530029,2425.530029,3106750000,7/11/2017,2425.53,0.431296779,2406964140
7/12/2017,2435.75,2445.76001,2435.75,2443.25,2443.25,3171620000,7/12/2017,2443.25,0.412462264,3568376132
7/13/2017,2444.98999,2449.320068,2441.689941,2447.830078,2447.830078,3067670000,7/13/2017,2447.83,0.426097791,3700871270
7/14/2017,2449.159912,2463.540039,2446.689941,2459.27002,2459.27002,2736640000,7/14/2017,2459.27,0.413885968,3578023272
7/17/2017,2459.5,2462.820068,2457.159912,2459.139893,2459.139893,2793170000,7/17/2017,2459.14,0.42463602,3703191401
7/18/2017,2455.879883,2460.919922,2450.340088,2460.610107,2460.610107,2962130000,7/18/2017,2460.61,0.440038777,4072611129
7/19/2017,2463.850098,2473.830078,2463.850098,2473.830078,2473.830078,3059760000,7/19/2017,2473.83,0.434789254,4840080937
7/20/2017,2475.560059,2477.620117,2468.429932,2473.449951,2473.449951,3182780000,7/20/2017,2473.45,0.427214467,4896440336
7/21/2017,2467.399902,2472.540039,2465.060059,2472.540039,2472.540039,3059570000,7/21/2017,2472.54,0.412826811,2571479568
7/24/2017,2472.040039,2473.100098,2466.320068,2469.909912,2469.909912,3010240000,7/24/2017,2469.91,0.38487519,2659292906
7/25/2017,2477.879883,2481.23999,2474.909912,2477.129883,2477.129883,4108060000,7/25/2017,2477.13,0.402832322,2994489328
7/26/2017,2479.969971,2481.689941,2474.939941,2477.830078,2477.830078,3557020000,7/26/2017,2477.83,0.423717577,3258291858
7/27/2017,2482.76001,2484.040039,2459.929932,2475.419922,2475.419922,3995520000,7/27/2017,2475.42,0.434130384,2754693743
7/28/2017,2469.120117,2473.530029,2464.659912,2472.100098,2472.100098,3294770000,7/28/2017,2472.1,0.417921255,2485956113
7/31/2017,2475.939941,2477.959961,2468.530029,2470.300049,2470.300049,3469210000,7/31/2017,2470.3,0.391138812,2200485778
8/1/2017,2477.100098,2478.51001,2471.139893,2476.350098,2476.350098,3460860000,8/1/2017,2476.35,0.392661261,2618834737
8/2/2017,2480.379883,2480.379883,2466.47998,2477.570068,2477.570068,3478580000,8/2/2017,2477.57,0.39494799,2863270488
8/3/2017,2476.030029,2476.030029,2468.850098,2472.159912,2472.159912,3645020000,8/3/2017,2472.16,0.396441546,2455822537
8/4/2017,2476.879883,2480,2472.080078,2476.830078,2476.830078,3235140000,8/4/2017,2476.83,0.401827095,2745629050
8/7/2017,2477.139893,2480.949951,2475.879883,2480.909912,2480.909912,2931780000,8/7/2017,2480.91,0.398231164,2427472789
8/8/2017,2478.350098,2490.870117,2470.320068,2474.919922,2474.919922,3344640000,8/8/2017,2474.92,0.405327106,2833733963
8/9/2017,2465.350098,2474.409912,2462.080078,2474.02002,2474.02002,3308060000,8/9/2017,2474.02,0.39949057,2212185636
8/10/2017,2465.379883,2465.379883,2437.75,2438.209961,2438.209961,3621070000,8/10/2017,2438.21,0.39269888,-71863267.18
8/11/2017,2441.040039,2448.090088,2437.850098,2441.320068,2441.320068,3159930000,8/11/2017,2441.32,0.400711846,1004666120
8/14/2017,2454.959961,2468.219971,2454.959961,2465.840088,2465.840088,2822550000,8/14/2017,2465.84,0.406275254,2444267278
8/15/2017,2468.659912,2468.899902,2461.610107,2464.610107,2464.610107,2913100000,8/15/2017,2464.61,0.415967044,2465323194
8/16/2017,2468.629883,2474.929932,2463.860107,2468.110107,2468.110107,2953650000,8/16/2017,2468.11,0.404187854,2494515507
8/17/2017,2462.949951,2465.02002,2430.01001,2430.01001,2430.01001,3142620000,8/17/2017,2430.01,0.437991899,-150856112.1
8/18/2017,2427.639893,2440.27002,2420.689941,2425.550049,2425.550049,3415680000,8/18/2017,2425.55,0.42503069,660227661
8/21/2017,2425.5,2430.580078,2417.350098,2428.370117,2428.370117,2788150000,8/21/2017,2428.37,0.390280189,582867140.8
8/22/2017,2433.75,2454.77002,2433.669922,2452.51001,2452.51001,2777490000,8/22/2017,2452.51,0.39030999,1867699282
8/23/2017,2444.879883,2448.909912,2441.419922,2444.040039,2444.040039,2785290000,8/23/2017,2444.04,0.409688255,1540224820
8/24/2017,2447.909912,2450.389893,2436.189941,2438.969971,2438.969971,2846590000,8/24/2017,2438.97,0.395916275,1256576764
8/25/2017,2444.719971,2453.959961,2442.219971,2443.050049,2443.050049,2588780000,8/25/2017,2443.05,0.419787667,1296966623
8/28/2017,2447.350098,2449.120117,2439.030029,2444.23999,2444.23999,2677700000,8/28/2017,2444.24,0.413433771,1424962016
8/29/2017,2431.939941,2449.189941,2428.199951,2446.300049,2446.300049,2737580000,8/29/2017,2446.3,0.421705373,1836728487
8/30/2017,2446.060059,2460.310059,2443.77002,2457.590088,2457.590088,2633660000,8/30/2017,2457.59,0.424532862,2988261801
8/31/2017,2462.649902,2475.01001,2462.649902,2471.649902,2471.649902,3348110000,8/31/2017,2471.65,0.43465614,4140015062
9/1/2017,2474.419922,2480.379883,2473.850098,2476.550049,2476.550049,2710730000,9/1/2017,2476.55,0.436810761,3129196677
9/5/2017,2470.350098,2471.969971,2446.550049,2457.850098,2457.850098,3490260000,9/5/2017,2457.85,0.418397116,2211126450
9/6/2017,2463.830078,2469.639893,2459.199951,2465.540039,2465.540039,3374410000,9/6/2017,2465.54,0.413845288,2689585474
9/7/2017,2468.060059,2468.620117,2460.290039,2465.100098,2465.100098,3353930000,9/7/2017,2465.1,0.412572161,3312763794
9/8/2017,2462.25,2467.110107,2459.399902,2461.429932,2461.429932,3302490000,9/8/2017,2461.43,0.410666547,2114815472
9/11/2017,2474.52002,2488.949951,2474.52002,2488.110107,2488.110107,3291760000,9/11/2017,2488.11,0.387100878,3619729369
9/12/2017,2491.939941,2496.77002,2490.370117,2496.47998,2496.47998,3230920000,9/12/2017,2496.48,0.42141478,4255184663
9/13/2017,2493.889893,2498.370117,2492.139893,2498.370117,2498.370117,3368050000,9/13/2017,2498.37,0.410813587,4942817316
9/14/2017,2494.560059,2498.429932,2491.350098,2495.620117,2495.620117,3414460000,9/14/2017,2495.62,0.417555293,3820455990
9/15/2017,2495.669922,2500.22998,2493.159912,2500.22998,2500.22998,4853170000,9/15/2017,2500.23,0.419786116,2400578162
9/18/2017,2502.51001,2508.320068,2499.919922,2503.870117,2503.870117,3194300000,9/18/2017,2503.87,0.391772344,2315047560
9/19/2017,2506.290039,2507.840088,2503.189941,2506.649902,2506.649902,3249100000,9/19/2017,2506.65,0.392476939,2560995797
9/20/2017,2506.840088,2508.850098,2496.669922,2508.23999,2508.23999,3530010000,9/20/2017,2508.24,0.408270665,2946040211
9/21/2017,2507.159912,2507.159912,2499,2500.600098,2500.600098,2930860000,9/21/2017,2500.6,0.389327729,2446882060
9/22/2017,2497.26001,2503.469971,2496.540039,2502.219971,2502.219971,2865960000,9/22/2017,2502.22,0.383795067,2272641441
9/25/2017,2499.389893,2502.540039,2488.030029,2496.659912,2496.659912,3297890000,9/25/2017,2496.66,0.387631198,1782573616
9/26/2017,2501.040039,2503.51001,2495.120117,2496.840088,2496.840088,3043110000,9/26/2017,2496.84,0.389115935,2008563330
9/27/2017,2503.300049,2511.75,2495.909912,2507.040039,2507.040039,3456030000,9/27/2017,2507.04,0.402368126,2925713102
9/28/2017,2503.409912,2510.810059,2502.929932,2510.060059,2510.060059,3168620000,9/28/2017,2510.06,0.403038732,3307177590
9/29/2017,2509.959961,2519.439941,2507.98999,2519.360107,2519.360107,3211920000,9/29/2017,2519.36,0.400527667,3137768694
10/2/2017,2521.199951,2529.22998,2520.399902,2529.120117,2529.120117,3199730000,10/2/2017,2529.12,0.406005084,3393331794
10/3/2017,2530.340088,2535.129883,2528.850098,2534.580078,2534.580078,3068850000,10/3/2017,2534.58,0.403984125,3765100670
10/4/2017,2533.47998,2540.530029,2531.800049,2537.73999,2537.73999,3017120000,10/4/2017,2537.74,0.396939808,3903871091
10/5/2017,2540.860107,2552.51001,2540.02002,2552.070068,2552.070068,3045120000,10/5/2017,2552.07,0.404193997,5258615224
10/6/2017,2547.439941,2549.409912,2543.790039,2549.330078,2549.330078,2884570000,10/6/2017,2549.33,0.431491239,4106554576
10/9/2017,2551.389893,2551.820068,2541.600098,2544.72998,2544.72998,2483970000,10/9/2017,2544.73,0.406523453,4170444453
10/10/2017,2549.98999,2555.22998,2544.860107,2550.639893,2550.639893,2960500000,10/10/2017,2550.64,0.404306704,4303231199
10/11/2017,2550.620117,2555.23999,2547.949951,2555.23999,2555.23999,2976090000,10/11/2017,2555.24,0.410020578,5023978813
10/12/2017,2552.879883,2555.330078,2548.310059,2550.929932,2550.929932,3151510000,10/12/2017,2550.93,0.395998424,5111977258
10/13/2017,2555.659912,2557.649902,2552.090088,2553.169922,2553.169922,3149440000,10/13/2017,2553.17,0.379596732,4516960354
10/16/2017,2555.570068,2559.469971,2552.639893,2557.639893,2557.639893,2916020000,10/16/2017,2557.64,0.38531509,4995564433
10/17/2017,2557.169922,2559.709961,2554.689941,2559.360107,2559.360107,2889390000,10/17/2017,2559.36,0.401742273,5487357785
10/18/2017,2562.870117,2564.110107,2559.669922,2561.26001,2561.26001,2998090000,10/18/2017,2561.26,0.397128499,5474784833
10/19/2017,2553.389893,2562.360107,2547.919922,2562.100098,2562.100098,2990710000,10/19/2017,2562.1,0.405627869,4847992925
10/20/2017,2567.560059,2575.439941,2567.560059,2575.209961,2575.209961,3384650000,10/20/2017,2575.21,0.397406208,3158333647
10/23/2017,2578.080078,2578.290039,2564.330078,2564.97998,2564.97998,3211710000,10/23/2017,2564.98,0.394107791,2746394034
10/24/2017,2568.659912,2572.179932,2565.580078,2569.129883,2569.129883,3427330000,10/24/2017,2569.13,0.379048563,3088273413
10/25/2017,2566.52002,2567.399902,2544,2557.149902,2557.149902,3874510000,10/25/2017,2557.15,0.408204703,2587684238
10/26/2017,2560.080078,2567.070068,2559.800049,2560.399902,2560.399902,3869050000,10/26/2017,2560.4,0.38588221,2925319418
10/27/2017,2570.26001,2582.97998,2565.939941,2581.070068,2581.070068,3887110000,10/27/2017,2581.07,0.373216966,3701538831
10/30/2017,2577.75,2580.030029,2568.25,2572.830078,2572.830078,3658870000,10/30/2017,2572.83,0.397257513,3566666882
10/31/2017,2575.98999,2578.290039,2572.149902,2575.26001,2575.26001,3827230000,10/31/2017,2575.26,0.404548927,3696707777
11/1/2017,2583.209961,2588.399902,2574.919922,2579.360107,2579.360107,3813180000,11/1/2017,2579.36,0.404969574,4096593319
11/2/2017,2579.459961,2581.110107,2566.169922,2579.850098,2579.850098,4048270000,11/2/2017,2579.85,0.41991359,4125236220
11/3/2017,2581.929932,2588.419922,2576.77002,2587.840088,2587.840088,3567710000,11/3/2017,2587.84,0.409575791,3975769181
11/6/2017,2587.469971,2593.379883,2585.659912,2591.129883,2591.129883,3539080000,11/6/2017,2591.13,0.413734141,4219761342
11/7/2017,2592.110107,2597.02002,2584.350098,2590.639893,2590.639893,3809650000,11/7/2017,2590.64,0.424560197,4232304485
11/8/2017,2588.709961,2595.469971,2585.02002,2594.379883,2594.379883,3899360000,11/8/2017,2594.38,0.393730275,4625795733
11/9/2017,2584,2586.5,2566.330078,2584.620117,2584.620117,3831610000,11/9/2017,2584.62,0.389472846,4379971514
11/10/2017,2580.179932,2583.810059,2575.570068,2582.300049,2582.300049,3486910000,11/10/2017,2582.3,0.37356908,3671429599
11/13/2017,2576.530029,2587.659912,2574.47998,2584.840088,2584.840088,3402930000,11/13/2017,2584.84,0.37116031,3988331512
11/14/2017,2577.75,2579.659912,2566.560059,2578.870117,2578.870117,3641760000,11/14/2017,2578.87,0.352842816,3775361878
11/15/2017,2569.449951,2572.840088,2557.449951,2564.620117,2564.620117,3558890000,11/15/2017,2564.62,0.350469432,2973086457
11/16/2017,2572.949951,2590.090088,2572.949951,2585.639893,2585.639893,3312710000,11/16/2017,2585.64,0.356192247,4708182203
11/17/2017,2582.939941,2583.959961,2577.620117,2578.850098,2578.850098,3300160000,11/17/2017,2578.85,0.385371248,2551103397
11/20/2017,2579.48999,2584.639893,2578.23999,2582.139893,2582.139893,3003540000,11/20/2017,2582.14,0.341090094,2798334560
11/21/2017,2589.169922,2601.189941,2589.169922,2599.030029,2599.030029,3332720000,11/21/2017,2599.03,0.342631602,4234323717
11/22/2017,2600.310059,2600.939941,2595.22998,2597.080078,2597.080078,2762950000,11/22/2017,2597.08,0.360925968,4452596018
11/24/2017,2600.419922,2604.209961,2600.419922,2602.419922,2602.419922,1349780000,11/24/2017,2602.42,0.338535756,3681749089
11/27/2017,2602.659912,2606.409912,2598.870117,2601.419922,2601.419922,3006860000,11/27/2017,2601.42,0.360858812,3824847562
11/28/2017,2605.939941,2627.689941,2605.439941,2627.040039,2627.040039,3488420000,11/28/2017,2627.04,0.340461482,4415707565
11/29/2017,2627.820068,2634.889893,2620.320068,2626.070068,2626.070068,4078280000,11/29/2017,2626.07,0.346608248,3077547281
11/30/2017,2633.929932,2657.73999,2633.929932,2647.580078,2647.580078,4938490000,11/30/2017,2647.58,0.350456391,4005437413
12/1/2017,2645.100098,2650.620117,2605.52002,2642.219971,2642.219971,3942320000,12/1/2017,2642.18,0.384371096,3565285025
12/4/2017,2657.189941,2665.189941,2639.030029,2639.439941,2639.439941,4023150000,12/4/2017,2639.41,0.354491545,3179143493
12/5/2017,2639.780029,2648.719971,2627.72998,2629.570068,2629.570068,3539040000,12/5/2017,2629.57,0.356842374,3006323536
12/6/2017,2626.23999,2634.409912,2624.75,2629.27002,2629.27002,3229000000,12/6/2017,2629.27,0.3660326,3221604442
12/7/2017,2628.379883,2640.98999,2626.530029,2636.97998,2636.97998,3292400000,12/7/2017,2636.99,0.360674045,4078856890
12/8/2017,2646.209961,2651.649902,2644.100098,2651.5,2651.5,3106150000,12/8/2017,2651.5,0.361940858,4286751542
12/11/2017,2652.189941,2660.330078,2651.469971,2659.98999,2659.98999,3091950000,12/11/2017,2659.99,0.358350123,5002864391
12/12/2017,2661.72998,2669.719971,2659.780029,2664.110107,2664.110107,3555680000,12/12/2017,2664.13,0.359852995,4812998492
12/13/2017,2667.590088,2671.879883,2662.850098,2662.850098,2662.850098,3542370000,12/13/2017,2662.86,0.353006855,4925521443
12/14/2017,2665.870117,2668.090088,2652.01001,2652.01001,2652.01001,3430030000,12/14/2017,2652.07,0.359296639,4995921854
12/15/2017,2660.629883,2679.629883,2659.139893,2675.810059,2675.810059,5723920000,12/15/2017,2675.71,0.35207941,4052381578
12/18/2017,2685.919922,2694.969971,2685.919922,2690.159912,2690.159912,3724660000,12/18/2017,2690.22,0.352538048,4789244131
12/19/2017,2692.709961,2694.439941,2680.73999,2681.469971,2681.469971,3368590000,12/19/2017,2681.47,0.342625974,4487952789
12/20/2017,2688.179932,2691.01001,2676.110107,2679.25,2679.25,3241030000,12/20/2017,2679.25,0.375862849,4195335915
12/21/2017,2683.02002,2692.639893,2682.399902,2684.570068,2684.570068,3273390000,12/21/2017,2684.59,0.366569286,4418995151
12/22/2017,2684.219971,2685.350098,2678.129883,2683.340088,2683.340088,2399830000,12/22/2017,2683.36,0.383272716,4096336395
12/26/2017,2679.090088,2682.73999,2677.959961,2680.5,2680.5,1968780000,12/26/2017,2680.5,0.398047583,3825725876
12/27/2017,2682.100098,2685.639893,2678.909912,2682.620117,2682.620117,2202080000,12/27/2017,2682.6,0.356079325,4128878605
12/28/2017,2686.100098,2687.659912,2682.689941,2687.540039,2687.540039,2153330000,12/28/2017,2687.52,0.370436122,4664796614
12/29/2017,2689.149902,2692.120117,2673.610107,2673.610107,2673.610107,2443490000,12/29/2017,2674.09,0.391725726,3351766525
1/2/2018,2683.72998,2695.889893,2682.360107,2695.810059,2695.810059,3367250000,1/2/2018,2695.79,0.358659427,5104672300
1/3/2018,2697.850098,2714.370117,2697.77002,2713.060059,2713.060059,3538660000,1/3/2018,2713.06,0.36173135,6227584426
1/4/2018,2719.310059,2729.290039,2719.070068,2723.98999,2723.98999,3695260000,1/4/2018,2723.98,0.379651787,6817650988
1/5/2018,2731.330078,2743.449951,2727.919922,2743.149902,2743.149902,3236620000,1/5/2018,2742.98,0.376492587,6572707311
1/8/2018,2742.669922,2748.51001,2737.600098,2747.709961,2747.709961,3242650000,1/8/2018,2747.68,0.382067355,6870883579
1/9/2018,2751.149902,2759.139893,2747.860107,2751.290039,2751.290039,3453480000,1/9/2018,2751.3,0.376747911,6770874052
1/10/2018,2745.550049,2750.800049,2736.060059,2748.22998,2748.22998,3576350000,1/10/2018,2748.22,0.380225896,6789551647
1/11/2018,2752.969971,2767.560059,2752.780029,2767.560059,2767.560059,3641320000,1/11/2018,2767.55,0.360009055,7951915844
1/12/2018,2770.179932,2787.850098,2769.639893,2786.23999,2786.23999,3573970000,1/12/2018,2786.22,0.380577883,7173202578
1/16/2018,2798.959961,2807.540039,2768.639893,2776.419922,2776.419922,4325970000,1/16/2018,2776.42,0.372070203,6959809025
1/17/2018,2784.98999,2807.040039,2778.379883,2802.560059,2802.560059,3778050000,1/17/2018,2802.56,0.360791031,7577134959
1/18/2018,2802.399902,2805.830078,2792.560059,2798.030029,2798.030029,3681470000,1/18/2018,2798.07,0.360226916,7644008230
1/19/2018,2802.600098,2810.330078,2798.080078,2810.300049,2810.300049,3639430000,1/19/2018,2810.29,0.364108703,3593970430
1/22/2018,2809.159912,2833.030029,2808.120117,2832.969971,2832.969971,3471780000,1/22/2018,2832.97,0.3305551,4373024752
1/23/2018,2835.050049,2842.23999,2830.590088,2839.129883,2839.129883,3519650000,1/23/2018,2839.19,0.354173705,4800925654
1/24/2018,2845.419922,2852.969971,2824.810059,2837.540039,2837.540039,4014070000,1/24/2018,2837.6,0.353702892,4411708369
1/25/2018,2846.23999,2848.560059,2830.939941,2839.25,2839.25,3835150000,1/25/2018,2839.28,0.352210282,4760333571
1/26/2018,2847.47998,2872.870117,2846.179932,2872.870117,2872.870117,3443230000,1/26/2018,2872.8,0.339765572,4205395487
1/29/2018,2867.22998,2870.620117,2851.47998,2853.530029,2853.530029,3573830000,1/29/2018,2853.5,0.354521991,3702808442
1/30/2018,2832.73999,2837.75,2818.27002,2822.429932,2822.429932,3990650000,1/30/2018,2822.46,0.341564501,3167661452
1/31/2018,2832.409912,2839.26001,2813.040039,2823.810059,2823.810059,4261280000,1/31/2018,2823.9,0.362764087,3283853686
2/1/2018,2816.449951,2835.959961,2812.699951,2821.97998,2821.97998,3938450000,2/1/2018,2822.02,0.360813899,3586702014
2/2/2018,2808.919922,2808.919922,2759.969971,2762.129883,2762.129883,4301130000,2/2/2018,2761.94,0.370625458,1759752170
2/5/2018,2741.060059,2763.389893,2638.169922,2648.939941,2648.939941,5283460000,2/5/2018,2648.96,0.379318849,-290859250.9
2/6/2018,2614.780029,2701.040039,2593.070068,2695.139893,2695.139893,5891660000,2/6/2018,2695.19,0.418813133,880533618
2/7/2018,2690.949951,2727.669922,2681.330078,2681.659912,2681.659912,4626570000,2/7/2018,2681.62,0.392754888,392240276.8
2/8/2018,2685.01001,2685.27002,2580.560059,2581,2581,5305440000,2/8/2018,2581.03,0.422434767,-1572473954
2/9/2018,2601.780029,2638.669922,2532.689941,2619.550049,2619.550049,5680070000,2/9/2018,2619.55,0.398705388,-407018448.6
2/12/2018,2636.75,2672.610107,2622.449951,2656,2656,4055790000,2/12/2018,2655.95,0.417383561,247139927.2
2/13/2018,2646.27002,2668.840088,2637.080078,2662.939941,2662.939941,3472870000,2/13/2018,2662.97,0.413468598,644932796.4
2/14/2018,2651.209961,2702.100098,2648.870117,2698.629883,2698.629883,4003740000,2/14/2018,2698.66,0.409501864,2194669015
2/15/2018,2713.459961,2731.51001,2689.820068,2731.199951,2731.199951,3684910000,2/15/2018,2731.2,0.407739207,3755415456
2/16/2018,2727.139893,2754.419922,2725.110107,2732.219971,2732.219971,3637460000,2/16/2018,2732.21,0.397864577,2205235785
2/20/2018,2722.98999,2737.600098,2706.76001,2716.26001,2716.26001,3627610000,2/20/2018,2716.26,0.393641156,1944371277
2/21/2018,2720.530029,2747.75,2701.290039,2701.330078,2701.330078,3779400000,2/21/2018,2701.39,0.418555325,2109151018
2/22/2018,2710.419922,2731.26001,2697.77002,2703.959961,2703.959961,3701270000,2/22/2018,2703.96,0.408430623,2108961974
2/23/2018,2715.800049,2747.76001,2713.73999,2747.300049,2747.300049,3189190000,2/23/2018,2747.36,0.388439457,3050120601
2/26/2018,2757.370117,2780.639893,2753.780029,2779.600098,2779.600098,3424650000,2/26/2018,2779.6,0.369524794,4120671858
2/27/2018,2780.449951,2789.149902,2744.219971,2744.280029,2744.280029,3745080000,2/27/2018,2744.28,0.400323961,3083412585
2/28/2018,2753.780029,2761.52002,2713.540039,2713.830078,2713.830078,4230660000,2/28/2018,2713.78,0.39930316,1977841424
3/1/2018,2715.219971,2730.889893,2659.649902,2677.669922,2677.669922,4503970000,3/1/2018,2677.51,0.424326187,669570064.3
3/2/2018,2658.889893,2696.25,2647.320068,2691.25,2691.25,3882450000,3/2/2018,2691.26,0.412245454,1603757717
3/5/2018,2681.060059,2728.090088,2675.75,2720.939941,2720.939941,3710810000,3/5/2018,2720.95,0.398803395,2562279325
3/6/2018,2730.179932,2732.080078,2711.26001,2728.120117,2728.120117,3370690000,3/6/2018,2728.13,0.420584869,3119066253
3/7/2018,2710.179932,2730.600098,2701.73999,2726.800049,2726.800049,3393270000,3/7/2018,2726.87,0.432697616,3337911438
3/8/2018,2732.75,2740.449951,2722.649902,2738.969971,2738.969971,3212320000,3/8/2018,2738.96,0.409719595,4143332752
3/9/2018,2752.909912,2786.570068,2751.540039,2786.570068,2786.570068,3364100000,3/9/2018,2786.53,0.386553706,4764827621
3/12/2018,2790.540039,2796.97998,2779.26001,2783.02002,2783.02002,3185020000,3/12/2018,2783.03,0.435474989,4860254942
3/13/2018,2792.310059,2801.899902,2758.679932,2765.310059,2765.310059,3301650000,3/13/2018,2765.3,0.441725926,3836021863
3/14/2018,2774.060059,2777.110107,2744.379883,2749.47998,2749.47998,3391360000,3/14/2018,2749.51,0.436696866,3378639151
3/15/2018,2754.27002,2763.030029,2741.469971,2747.330078,2747.330078,3500330000,3/15/2018,2747.33,0.410976624,3305740196
3/16/2018,2750.570068,2761.850098,2749.969971,2752.01001,2752.01001,5372340000,3/16/2018,2751.79,0.406716742,2377232464
3/19/2018,2741.379883,2741.379883,2694.590088,2712.919922,2712.919922,3302130000,3/19/2018,2712.93,0.429742542,1175145674
3/20/2018,2715.050049,2724.219971,2710.050049,2716.939941,2716.939941,3261030000,3/20/2018,2716.94,0.406459812,1699815366
3/21/2018,2714.98999,2739.139893,2709.790039,2711.929932,2711.929932,3415510000,3/21/2018,2711.92,0.418607969,1537756387
3/22/2018,2691.360107,2695.679932,2641.590088,2643.689941,2643.689941,3739800000,3/22/2018,2643.7,0.421783003,-314435641.5
3/23/2018,2646.709961,2657.669922,2585.889893,2588.26001,2588.26001,3815080000,3/23/2018,2588.25,0.433509228,-458889987.6
3/26/2018,2619.350098,2661.360107,2601.810059,2658.550049,2658.550049,3511100000,3/26/2018,2658.55,0.425434076,830561198.2
3/27/2018,2667.570068,2674.780029,2596.120117,2612.620117,2612.620117,3706350000,3/27/2018,2612.62,0.447237739,-386192078.9
3/28/2018,2611.300049,2632.649902,2593.060059,2605,2605,3864500000,3/28/2018,2605,0.43599267,-700363602
3/29/2018,2614.409912,2659.070068,2609.719971,2640.870117,2640.870117,3565990000,3/29/2018,2641.91,0.421633445,503862629.1
4/2/2018,2633.449951,2638.300049,2553.800049,2581.879883,2581.879883,3598520000,4/2/2018,2581.82,0.454455228,-529523973.8
4/3/2018,2592.169922,2619.139893,2575.48999,2614.449951,2614.449951,3392810000,4/3/2018,2614.43,0.432859386,55832813.43
4/4/2018,2584.040039,2649.860107,2573.610107,2644.689941,2644.689941,3350340000,4/4/2018,2644.68,0.426617069,882950576.1
4/5/2018,2657.360107,2672.080078,2649.580078,2662.840088,2662.840088,3178970000,4/5/2018,2662.81,0.426213889,1957752253
4/6/2018,2645.820068,2656.879883,2586.27002,2604.469971,2604.469971,3299700000,4/6/2018,2604.44,0.477097594,55613925.81
4/9/2018,2617.179932,2653.550049,2610.790039,2613.159912,2613.159912,3062960000,4/9/2018,2613.16,0.41135719,183350195.1
4/10/2018,2638.409912,2665.449951,2635.780029,2656.870117,2656.870117,3543930000,4/10/2018,2656.85,0.438804874,1545747105
4/11/2018,2643.889893,2661.429932,2639.25,2642.189941,2642.189941,3020760000,4/11/2018,2642.19,0.454881145,1196205218
4/12/2018,2653.830078,2674.719971,2653.830078,2663.98999,2663.98999,3021320000,4/12/2018,2664.01,0.436537941,2190652243
4/13/2018,2676.899902,2680.26001,2645.050049,2656.300049,2656.300049,2960910000,4/13/2018,2656.31,0.440381254,1373017693
4/16/2018,2670.100098,2686.48999,2665.159912,2677.840088,2677.840088,3019700000,4/16/2018,2677.89,0.420742579,2189160271
4/17/2018,2692.73999,2713.340088,2692.050049,2706.389893,2706.389893,3234360000,4/17/2018,2706.39,0.414632038,3825295233
4/18/2018,2710.110107,2717.48999,2703.629883,2708.639893,2708.639893,3383410000,4/18/2018,2708.65,0.418295491,4087229002
4/19/2018,2701.159912,2702.840088,2681.899902,2693.129883,2693.129883,3349370000,4/19/2018,2693.13,0.435713984,3825622132
4/20/2018,2692.560059,2693.939941,2660.610107,2670.139893,2670.139893,3388590000,4/20/2018,2670.15,0.431034019,1576649966
4/23/2018,2675.399902,2682.860107,2657.98999,2670.290039,2670.290039,3017480000,4/23/2018,2670.28,0.420143082,1514516030
4/24/2018,2680.800049,2683.550049,2617.320068,2634.560059,2634.560059,3706740000,4/24/2018,2634.57,0.449121982,504608616.7
4/25/2018,2634.919922,2645.300049,2612.669922,2639.399902,2639.399902,3499440000,4/25/2018,2639.36,0.452212597,650553973.2
4/26/2018,2651.649902,2676.47998,2647.159912,2666.939941,2666.939941,3665720000,4/26/2018,2667.12,0.432441287,1950646322
4/27/2018,2675.469971,2677.350098,2659.01001,2669.909912,2669.909912,3219030000,4/27/2018,2669.94,0.414847136,1956197496
4/30/2018,2682.51001,2682.870117,2648.040039,2648.050049,2648.050049,3734530000,4/30/2018,2648.07,0.42668688,1346647656
5/1/2018,2642.959961,2655.27002,2625.409912,2654.800049,2654.800049,3559850000,5/1/2018,2654.7,0.43025656,1850593838
5/2/2018,2654.23999,2660.870117,2631.699951,2635.669922,2635.669922,4010770000,5/2/2018,2635.66,0.418075286,1581836990
5/3/2018,2628.080078,2637.139893,2594.620117,2629.72998,2629.72998,3851470000,5/3/2018,2629.74,0.422479602,1412590884
5/4/2018,2621.449951,2670.929932,2615.320068,2663.419922,2663.419922,3327220000,5/4/2018,2663.47,0.423300767,2384530565
5/7/2018,2680.340088,2683.350098,2664.699951,2672.629883,2672.629883,3237960000,5/7/2018,2672.6,0.420294453,3145903982
5/8/2018,2670.26001,2676.340088,2655.199951,2671.919922,2671.919922,3717570000,5/8/2018,2671.92,0.427668656,3196530055
5/9/2018,2678.120117,2701.27002,2674.139893,2697.790039,2697.790039,3909500000,5/9/2018,2697.79,0.413022318,4715828885
5/10/2018,2705.02002,2726.110107,2704.540039,2723.070068,2723.070068,3333050000,5/10/2018,2723.05,0.426655834,5561937365
5/11/2018,2722.699951,2732.860107,2717.449951,2727.719971,2727.719971,2862700000,5/11/2018,2727.73,0.416560065,4425220746
5/14/2018,2738.469971,2742.100098,2725.469971,2730.129883,2730.129883,2972660000,5/14/2018,2730.37,0.430681057,4754646369
5/15/2018,2718.590088,2718.590088,2701.909912,2711.449951,2711.449951,3290680000,5/15/2018,2711.47,0.442138769,3331060808
5/16/2018,2712.620117,2727.76001,2712.169922,2722.459961,2722.459961,3202670000,5/16/2018,2722.48,0.422995728,4245402572
5/17/2018,2719.709961,2731.959961,2711.360107,2720.129883,2720.129883,3475400000,5/17/2018,2720.12,0.444272136,3594238410
5/18/2018,2717.350098,2719.5,2709.179932,2712.969971,2712.969971,3368690000,5/18/2018,2713.02,0.42684213,2151459414
5/21/2018,2735.389893,2739.189941,2725.699951,2733.01001,2733.01001,3019890000,5/21/2018,2733.03,0.426560314,3062676880
5/22/2018,2738.340088,2742.23999,2721.879883,2724.439941,2724.439941,3366310000,5/22/2018,2724.5,0.432232618,2812965624
5/23/2018,2713.97998,2733.330078,2709.540039,2733.290039,2733.290039,3326290000,5/23/2018,2733.28,0.43913683,3876081267
5/24/2018,2730.939941,2731.969971,2707.379883,2727.76001,2727.76001,3256030000,5/24/2018,2727.79,0.449490614,4045804068
5/25/2018,2723.600098,2727.360107,2714.98999,2721.330078,2721.330078,2995260000,5/25/2018,2721.3,0.430207364,3155602061
5/29/2018,2705.110107,2710.669922,2676.810059,2689.860107,2689.860107,3736890000,5/29/2018,2689.83,0.451674585,2307985090
5/30/2018,2702.429932,2729.340088,2702.429932,2724.01001,2724.01001,3561050000,5/30/2018,2724.06,0.41544526,3788835456
5/31/2018,2720.97998,2722.5,2700.679932,2705.27002,2705.27002,4235370000,5/31/2018,2705.32,0.446178718,3668514397
6/1/2018,2718.699951,2736.929932,2718.699951,2734.620117,2734.620117,3684130000,6/1/2018,2734.58,0.427262669,3988109848
6/4/2018,2741.669922,2749.159912,2740.540039,2746.870117,2746.870117,3376510000,6/4/2018,2746.87,0.423654303,4652474394
6/5/2018,2748.459961,2752.610107,2739.51001,2748.800049,2748.800049,3517790000,6/5/2018,2748.81,0.444178026,4769731072
6/6/2018,2753.25,2772.389893,2748.459961,2772.350098,2772.350098,3651640000,6/6/2018,2772.3,0.417672905,5830607526
6/7/2018,2774.840088,2779.899902,2760.159912,2770.370117,2770.370117,3711330000,6/7/2018,2770.33,0.434915996,5339908449
6/8/2018,2765.840088,2779.389893,2763.590088,2779.030029,2779.030029,3123210000,6/8/2018,2778.98,0.443660653,4912654807
6/11/2018,2780.179932,2790.209961,2780.169922,2782,2782,3232330000,6/11/2018,2782,0.427976506,5319632166
6/12/2018,2785.600098,2789.800049,2778.780029,2786.850098,2786.850098,3401010000,6/12/2018,2786.84,0.410424096,6023685867
6/13/2018,2787.939941,2791.469971,2774.649902,2775.629883,2775.629883,3779230000,6/13/2018,2775.63,0.451950466,5815433664
6/14/2018,2783.209961,2789.060059,2776.52002,2782.48999,2782.48999,3526890000,6/14/2018,2782.55,0.444742874,6727663484
6/15/2018,2777.780029,2782.810059,2761.72998,2779.659912,2779.659912,5428790000,6/15/2018,2779.44,0.438161526,2864671245
6/18/2018,2765.790039,2774.98999,2757.120117,2773.75,2773.75,3287150000,6/18/2018,2773.87,0.427017492,3105568040
6/19/2018,2752.01001,2765.050049,2743.189941,2762.590088,2762.590088,3661470000,6/19/2018,2762.57,0.435070909,2978830498
6/20/2018,2769.72998,2774.860107,2763.909912,2767.320068,2767.320068,3327600000,6/20/2018,2767.34,0.43689466,3635122358
6/21/2018,2769.280029,2769.280029,2744.389893,2749.76001,2749.76001,3300060000,6/21/2018,2749.76,0.443744832,2140074980
6/22/2018,2760.790039,2764.169922,2752.679932,2754.879883,2754.879883,5450550000,6/22/2018,2754.89,0.409716902,2165247594
6/25/2018,2742.939941,2742.939941,2698.669922,2717.070068,2717.070068,3655080000,6/25/2018,2717.08,0.43498132,540369644
6/26/2018,2722.120117,2732.909912,2715.600098,2723.060059,2723.060059,3555090000,6/26/2018,2723.04,0.430593943,1176139452
6/27/2018,2728.449951,2746.090088,2699.379883,2699.629883,2699.629883,3776090000,6/27/2018,2699.66,0.446382232,138804939.2
6/28/2018,2698.689941,2724.340088,2691.98999,2716.310059,2716.310059,3428140000,6/28/2018,2716.32,0.435326023,1277153189
6/29/2018,2727.129883,2743.26001,2718.030029,2718.370117,2718.370117,3565620000,6/29/2018,2718.57,0.433990533,1327486451
7/2/2018,2704.949951,2727.26001,2698.949951,2726.709961,2726.709961,3073650000,7/2/2018,2726.56,0.432672165,1849445414
7/3/2018,2733.27002,2736.580078,2711.159912,2713.219971,2713.219971,1911470000,7/3/2018,2713.22,0.430650092,1021590997
7/5/2018,2724.189941,2737.830078,2716.02002,2736.610107,2736.610107,2953420000,7/5/2018,2736.7,0.436160935,2214395300
7/6/2018,2737.679932,2764.409912,2733.52002,2759.820068,2759.820068,2554780000,7/6/2018,2759.79,0.415793794,2694101431
7/9/2018,2775.620117,2784.649902,2770.72998,2784.169922,2784.169922,3050040000,7/9/2018,2784.2,0.438094458,4124985705
7/10/2018,2788.560059,2795.580078,2786.23999,2793.840088,2793.840088,3063850000,7/10/2018,2793.82,0.423025795,4665824180
7/11/2018,2779.820068,2785.909912,2770.77002,2774.02002,2774.02002,2964740000,7/11/2018,2774.04,0.434277867,3988981721
7/12/2018,2783.139893,2799.219971,2781.530029,2798.290039,2798.290039,2821690000,7/12/2018,2798.33,0.407567919,5804466919
7/13/2018,2796.929932,2804.530029,2791.689941,2801.310059,2801.310059,2614000000,7/13/2018,2801.26,0.424010115,4318722133
7/16/2018,2797.360107,2801.189941,2793.389893,2798.429932,2798.429932,2812230000,7/16/2018,2798.44,0.434195588,4536613826
7/17/2018,2789.340088,2814.189941,2789.23999,2809.550049,2809.550049,3050730000,7/17/2018,2809.6,0.455126761,5274946022
7/18/2018,2811.350098,2816.76001,2805.889893,2815.620117,2815.620117,3089780000,7/18/2018,2815.62,0.418787259,5679877109
7/19/2018,2809.370117,2812.050049,2799.77002,2804.48999,2804.48999,3266700000,7/19/2018,2804.52,0.440081423,4656701208
7/20/2018,2804.550049,2809.699951,2800.01001,2801.830078,2801.830078,3230210000,7/20/2018,2801.84,0.424740737,2441052805
7/23/2018,2799.169922,2808.610107,2795.139893,2806.97998,2806.97998,2907430000,7/23/2018,2806.97,0.406855524,2637386285
7/24/2018,2820.679932,2829.98999,2811.120117,2820.399902,2820.399902,3417530000,7/24/2018,2820.34,0.404956366,3446396574
7/25/2018,2817.72998,2848.030029,2817.72998,2846.070068,2846.070068,3553010000,7/25/2018,2846.01,0.411537924,4533887786
7/26/2018,2835.48999,2845.570068,2835.26001,2837.439941,2837.439941,3653330000,7/26/2018,2837.43,0.399653234,4420080682
7/27/2018,2842.350098,2843.169922,2808.340088,2818.820068,2818.820068,3415710000,7/27/2018,2818.85,0.399813234,2925301948
7/30/2018,2819,2821.73999,2798.110107,2802.600098,2802.600098,3245770000,7/30/2018,2802.61,0.395287821,1927611459
7/31/2018,2809.72998,2824.459961,2808.060059,2816.290039,2816.290039,3892100000,7/31/2018,2816.23,0.400889374,2176867643
8/1/2018,2821.169922,2825.830078,2805.850098,2813.360107,2813.360107,3496990000,8/1/2018,2813.42,0.409216781,2652864481
8/2/2018,2800.47998,2829.909912,2796.340088,2827.219971,2827.219971,3467380000,8/2/2018,2827.27,0.394403398,4221703299
8/3/2018,2829.620117,2840.379883,2827.370117,2840.350098,2840.350098,3030390000,8/3/2018,2840.35,0.411971174,3551087359
8/6/2018,2840.290039,2853.290039,2835.97998,2850.399902,2850.399902,2874540000,8/6/2018,2850.45,0.402296302,4432342495
8/7/2018,2855.919922,2863.429932,2855.919922,2858.449951,2858.449951,3162770000,8/7/2018,2858.48,0.39906205,5108370077
8/8/2018,2856.790039,2862.439941,2853.090088,2857.699951,2857.699951,2972200000,8/8/2018,2857.72,0.402708789,5292109110
8/9/2018,2857.189941,2862.47998,2851.97998,2853.580078,2853.580078,3047050000,8/9/2018,2853.58,0.407078743,5211226091
8/10/2018,2838.899902,2842.199951,2825.810059,2833.280029,2833.280029,3256040000,8/10/2018,2833.27,0.422790007,3077839473
8/13/2018,2835.459961,2843.399902,2819.879883,2821.929932,2821.929932,3158450000,8/13/2018,2821.95,0.420324902,2837130072
8/14/2018,2827.879883,2843.110107,2826.580078,2839.959961,2839.959961,2976970000,8/14/2018,2839.99,0.408222957,4023188862
8/15/2018,2827.949951,2827.949951,2802.48999,2818.370117,2818.370117,3645070000,8/15/2018,2818.42,0.420970935,2085245978
8/16/2018,2831.439941,2850.48999,2831.439941,2840.689941,2840.689941,3219880000,8/16/2018,2840.72,0.389177553,3263179011
8/17/2018,2838.320068,2855.629883,2833.72998,2850.129883,2850.129883,3024100000,8/17/2018,2850.14,0.415841586,2411927575
8/20/2018,2853.929932,2859.76001,2850.620117,2857.050049,2857.050049,2748020000,8/20/2018,2857.05,0.402199631,2693750595
8/21/2018,2861.51001,2873.22998,2861.320068,2862.959961,2862.959961,3147140000,8/21/2018,2862.88,0.401938096,3276857875
8/22/2018,2860.98999,2867.540039,2856.050049,2861.820068,2861.820068,2689560000,8/22/2018,2861.83,0.402945815,3999483245
8/23/2018,2860.290039,2868.780029,2854.030029,2856.97998,2856.97998,2713910000,8/23/2018,2856.98,0.402500395,3824789267
8/24/2018,2862.350098,2876.159912,2862.350098,2874.689941,2874.689941,2596190000,8/24/2018,2874.7,0.39291943,3501195297
8/27/2018,2884.689941,2898.25,2884.689941,2896.73999,2896.73999,2854080000,8/27/2018,2896.71,0.395960318,4941883900
8/28/2018,2901.449951,2903.77002,2893.5,2897.52002,2897.52002,2683190000,8/28/2018,2897.57,0.40243437,5118946553
8/29/2018,2900.620117,2916.5,2898.399902,2914.040039,2914.040039,2791860000,8/29/2018,2914.04,0.410019597,6270317608
8/30/2018,2908.939941,2912.459961,2895.219971,2901.129883,2901.129883,2802180000,8/30/2018,2901.13,0.428323312,5975640566
8/31/2018,2898.370117,2906.320068,2891.72998,2901.52002,2901.52002,2880260000,8/31/2018,2901.44,0.425852063,3966964284
9/4/2018,2896.959961,2900.179932,2885.129883,2896.719971,2896.719971,3077060000,9/4/2018,2896.73,0.40793481,3366180324
9/5/2018,2891.590088,2894.209961,2876.919922,2888.600098,2888.600098,3241250000,9/5/2018,2888.66,0.393477664,2711506950
9/6/2018,2888.639893,2892.050049,2867.290039,2878.050049,2878.050049,3139590000,9/6/2018,2878.08,0.391742625,1178267245
9/7/2018,2868.26001,2883.810059,2864.120117,2871.679932,2871.679932,2946270000,9/7/2018,2871.73,0.415157525,2473373751
9/10/2018,2881.389893,2886.929932,2875.939941,2877.129883,2877.129883,2731400000,9/10/2018,2877.16,0.426191806,2217879823
9/11/2018,2871.570068,2892.52002,2866.780029,2887.889893,2887.889893,2899660000,9/11/2018,2887.91,0.385127012,3524473809
9/12/2018,2888.290039,2894.649902,2879.199951,2888.919922,2888.919922,3264930000,9/12/2018,2888.92,0.412938015,3886323591
9/13/2018,2896.850098,2906.76001,2896.389893,2904.179932,2904.179932,3254930000,9/13/2018,2904.2,0.403668231,5055063637
9/14/2018,2906.379883,2908.300049,2895.77002,2904.97998,2904.97998,3149800000,9/14/2018,2905.02,0.392790467,3677162317
9/17/2018,2903.830078,2904.649902,2886.159912,2888.800049,2888.800049,2947760000,9/17/2018,2888.85,0.425656179,2456434908
9/18/2018,2890.73999,2911.169922,2890.429932,2904.310059,2904.310059,3074610000,9/18/2018,2904.32,0.394042575,3278023101
9/19/2018,2906.600098,2912.360107,2903.820068,2907.949951,2907.949951,3280020000,9/19/2018,2907.94,0.389525072,3951373405
9/20/2018,2919.72998,2934.800049,2919.72998,2930.75,2930.75,3337730000,9/20/2018,2930.75,0.401492019,5910353361
9/21/2018,2936.76001,2940.909912,2927.110107,2929.669922,2929.669922,5607610000,9/21/2018,2929.22,0.429212044,2724444350
9/24/2018,2921.830078,2923.790039,2912.629883,2919.370117,2919.370117,3372210000,9/24/2018,2919.37,0.39062303,2703187780
9/25/2018,2921.75,2923.949951,2913.699951,2915.560059,2915.560059,3285480000,9/25/2018,2915.58,0.385310682,3379749725
9/26/2018,2916.97998,2931.149902,2903.280029,2905.969971,2905.969971,3388620000,9/26/2018,2906.02,0.397648123,3276840640
9/27/2018,2911.649902,2927.219971,2909.27002,2914,2914,3060850000,9/27/2018,2914,0.373774791,4843758173
9/28/2018,2910.030029,2920.530029,2907.5,2913.97998,2913.97998,3432300000,9/28/2018,2913.95,0.397763054,3114529991
10/1/2018,2926.290039,2937.060059,2917.909912,2924.590088,2924.590088,3364190000,10/1/2018,2924.64,0.381175934,3672224009
10/2/2018,2923.800049,2931.419922,2919.370117,2923.429932,2923.429932,3401880000,10/2/2018,2923.42,0.399148733,2934354579
10/3/2018,2931.689941,2939.860107,2921.360107,2925.51001,2925.51001,3598710000,10/3/2018,2925.48,0.411943005,3028216317
10/4/2018,2919.350098,2919.780029,2883.919922,2901.610107,2901.610107,3496860000,10/4/2018,2901.61,0.411822955,1136127139
10/5/2018,2902.540039,2909.639893,2869.290039,2885.570068,2885.570068,3328980000,10/5/2018,2885.57,0.397385538,1310544943
10/8/2018,2877.530029,2889.449951,2862.080078,2884.429932,2884.429932,3330320000,10/8/2018,2884.55,0.380631091,1115410436
10/9/2018,2882.51001,2894.830078,2874.27002,2880.340088,2880.340088,3520500000,10/9/2018,2880.35,0.393601157,1034143167
10/10/2018,2873.899902,2874.02002,2784.860107,2785.679932,2785.679932,4501250000,10/10/2018,2785.76,0.399704135,-1396394101
10/11/2018,2776.870117,2795.139893,2710.51001,2728.370117,2728.370117,4890630000,10/11/2018,2728.39,0.39536758,-2204206435
10/12/2018,2770.540039,2775.77002,2729.439941,2767.129883,2767.129883,3966040000,10/12/2018,2767.03,0.434084808,-799233331
10/15/2018,2763.830078,2775.98999,2749.030029,2750.790039,2750.790039,3300140000,10/15/2018,2750.8,0.418943839,-1381848130
10/16/2018,2767.050049,2813.459961,2766.909912,2809.919922,2809.919922,3428340000,10/16/2018,2810.03,0.38910406,474268302.4
10/17/2018,2811.669922,2816.939941,2781.810059,2809.209961,2809.209961,3321710000,10/17/2018,2809.2,0.414719629,758333640.7
10/18/2018,2802,2806.040039,2755.179932,2768.780029,2768.780029,3616440000,10/18/2018,2769.15,0.414964385,-1029438670
10/19/2018,2775.659912,2797.77002,2760.27002,2767.780029,2767.780029,3566490000,10/19/2018,2767.73,0.41511105,163142303
10/22/2018,2773.939941,2778.939941,2749.219971,2755.879883,2755.879883,3307140000,10/22/2018,2755.87,0.400998336,44405327.86
10/23/2018,2721.030029,2753.590088,2691.429932,2740.689941,2740.689941,4348580000,10/23/2018,2740.68,0.396488374,721931.91
10/24/2018,2737.870117,2742.590088,2651.889893,2656.100098,2656.100098,4709310000,10/24/2018,2656.29,0.427342485,-1077040425
10/25/2018,2674.879883,2722.699951,2667.840088,2705.570068,2705.570068,4634770000,10/25/2018,2705.61,0.401267065,-274658001.1
10/26/2018,2667.860107,2692.379883,2628.159912,2658.689941,2658.689941,4803150000,10/26/2018,2658.5,0.413576734,-671401605.2
10/29/2018,2682.649902,2706.850098,2603.540039,2641.25,2641.25,4673700000,10/29/2018,2641.12,0.398753107,-858555385.9
10/30/2018,2640.679932,2685.429932,2635.340088,2682.629883,2682.629883,5106380000,10/30/2018,2682.64,0.382259245,-392313380.2
10/31/2018,2705.600098,2736.689941,2705.600098,2711.73999,2711.73999,5112420000,10/31/2018,2711.7,0.413647426,510464123.7
11/1/2018,2717.580078,2741.669922,2708.850098,2740.370117,2740.370117,4708420000,11/1/2018,2740.34,0.412549148,1403817172
11/2/2018,2745.449951,2756.550049,2700.439941,2723.060059,2723.060059,4237930000,11/2/2018,2722.7,0.446350981,476260173
11/5/2018,2726.370117,2744.27002,2717.939941,2738.310059,2738.310059,3623320000,11/5/2018,2738.31,0.393047174,528749576.5
11/6/2018,2738.399902,2756.820068,2737.080078,2755.449951,2755.449951,3510860000,11/6/2018,2755.5,0.40523664,998457377.2
11/7/2018,2774.129883,2815.149902,2774.129883,2813.889893,2813.889893,3914750000,11/7/2018,2813.79,0.397721008,3237433461
11/8/2018,2806.379883,2814.75,2794.98999,2806.830078,2806.830078,3630490000,11/8/2018,2806.84,0.408624632,2806110743
11/9/2018,2794.100098,2794.100098,2764.23999,2781.01001,2781.01001,4019090000,11/9/2018,2781.13,0.40663392,1144125547
11/12/2018,2773.929932,2775.98999,2722,2726.219971,2726.219971,3670930000,11/12/2018,2726.26,0.403696598,-144822213.3
11/13/2018,2730.050049,2754.600098,2714.97998,2722.179932,2722.179932,4091440000,11/13/2018,2722.04,0.411928213,-147305645.1
11/14/2018,2737.899902,2746.800049,2685.75,2701.580078,2701.580078,4402370000,11/14/2018,2701.74,0.400895827,-619059505.1
11/15/2018,2693.52002,2735.379883,2670.75,2730.199951,2730.199951,4179140000,11/15/2018,2730.36,0.406066295,174032784.8
11/16/2018,2718.540039,2746.75,2712.159912,2736.27002,2736.27002,3975180000,11/16/2018,2736.29,0.413744472,532424709.1
11/19/2018,2730.73999,2733.159912,2681.090088,2690.72998,2690.72998,3772900000,11/19/2018,2690.78,0.376248302,-74809599.57
11/20/2018,2654.600098,2669.439941,2631.52002,2641.889893,2641.889893,4357900000,11/20/2018,2641.8,0.382089634,-681335405.5
11/21/2018,2657.73999,2670.72998,2649.820068,2649.929932,2649.929932,3233550000,11/21/2018,2649.99,0.417513667,-601903150.8
11/23/2018,2633.360107,2647.550049,2631.090088,2632.560059,2632.560059,1651650000,11/23/2018,2632.56,0.423969072,-516121747.4
11/26/2018,2649.969971,2674.350098,2649.969971,2673.449951,2673.449951,3443950000,11/26/2018,2673.45,0.413214485,93513112.41
11/27/2018,2663.75,2682.530029,2655.889893,2682.169922,2682.169922,3485220000,11/27/2018,2682.12,0.404161737,436332486.5
11/28/2018,2691.449951,2744,2684.379883,2743.790039,2743.790039,3951670000,11/28/2018,2743.78,0.432847198,2232535254
11/29/2018,2736.969971,2753.75,2722.939941,2737.800049,2737.800049,3560770000,11/29/2018,2737.76,0.439272809,2256852361
11/30/2018,2737.76001,2760.879883,2732.76001,2760.169922,2760.169922,4658580000,11/30/2018,2760.16,0.433296919,1746919858
12/3/2018,2790.5,2800.179932,2773.379883,2790.370117,2790.370117,4186060000,12/3/2018,2790.37,0.404002027,2852734191
12/4/2018,2782.429932,2785.929932,2697.179932,2700.060059,2700.060059,4499840000,12/4/2018,2700.06,0.421298748,211888511.1
12/6/2018,2663.51001,2696.149902,2621.530029,2695.949951,2695.949951,5141470000,12/6/2018,2695.95,0.407808201,431713555.9
12/7/2018,2691.26001,2708.540039,2623.139893,2633.080078,2633.080078,4216690000,12/7/2018,2632.99,0.435783815,-504674341.2
12/10/2018,2630.860107,2647.51001,2583.22998,2637.719971,2637.719971,4151030000,12/10/2018,2637.72,0.378044376,-375947314.9
12/11/2018,2664.439941,2674.350098,2621.300049,2636.780029,2636.780029,3905870000,12/11/2018,2637.03,0.402324685,-201598330.3
12/12/2018,2658.22998,2685.439941,2650.26001,2651.070068,2651.070068,3958890000,12/12/2018,2651.07,0.387920656,236728313.1
12/13/2018,2658.699951,2670.189941,2637.27002,2650.540039,2650.540039,3927720000,12/13/2018,2650.54,0.402136124,265020913.5
12/14/2018,2629.679932,2635.070068,2593.840088,2599.949951,2599.949951,4035020000,12/14/2018,2599.95,0.406526181,-804333850.1
12/17/2018,2590.75,2601.129883,2530.540039,2545.939941,2545.939941,4616350000,12/17/2018,2545.94,0.402537916,-1673337523
12/18/2018,2559.899902,2573.98999,2528.709961,2546.159912,2546.159912,4470880000,12/18/2018,2546.16,0.410975259,-1424748791
12/19/2018,2547.050049,2585.290039,2488.959961,2506.959961,2506.959961,5127940000,12/19/2018,2506.96,0.437996335,-2235910856
12/20/2018,2496.77002,2509.629883,2441.179932,2467.419922,2467.419922,5585780000,12/20/2018,2467.41,0.414743705,-2567871605
12/21/2018,2465.379883,2504.409912,2408.550049,2416.620117,2416.620117,7609010000,12/21/2018,2416.63,0.409249362,-1350551227
12/24/2018,2400.560059,2410.340088,2351.100098,2351.100098,2351.100098,2613930000,12/24/2018,2351.1,0.4277408,-1726171989
12/26/2018,2363.120117,2467.76001,2346.580078,2467.699951,2467.699951,4233990000,12/26/2018,2467.7,0.45510742,-624662702.7
12/27/2018,2442.5,2489.100098,2397.939941,2488.830078,2488.830078,4096610000,12/27/2018,2488.83,0.471026396,-218526888.8
12/28/2018,2498.77002,2520.27002,2472.889893,2485.73999,2485.73999,3702620000,12/28/2018,2485.74,0.450825639,-523373659.1
12/31/2018,2498.939941,2509.23999,2482.820068,2506.850098,2506.850098,3442870000,12/31/2018,2506.85,0.447223167,-246393093.5
1/2/2019,2476.959961,2519.48999,2467.469971,2510.030029,2510.030029,3733160000,1/2/2019,2510.03,0.482258696,-96696805.65
1/3/2019,2491.919922,2493.139893,2443.959961,2447.889893,2447.889893,3822860000,1/3/2019,2447.89,0.462776787,-1015709460
1/4/2019,2474.330078,2538.070068,2474.330078,2531.939941,2531.939941,4213410000,1/4/2019,2531.94,0.443922203,88481012.8
1/7/2019,2535.610107,2566.159912,2524.560059,2549.689941,2549.689941,4104710000,1/7/2019,2549.69,0.453709563,472253329
1/8/2019,2568.110107,2579.820068,2547.560059,2574.409912,2574.409912,4083030000,1/8/2019,2574.41,0.451862996,1087226846
1/9/2019,2580,2595.320068,2568.889893,2584.959961,2584.959961,4052480000,1/9/2019,2584.96,0.466265795,1294438199
1/10/2019,2573.51001,2597.820068,2562.02002,2596.639893,2596.639893,3704500000,1/10/2019,2596.63,0.452927489,1534655632
1/11/2019,2588.110107,2596.27002,2577.399902,2596.26001,2596.26001,3434490000,1/11/2019,2596.26,0.461464175,1118377810
1/14/2019,2580.310059,2589.320068,2570.409912,2582.610107,2582.610107,3664450000,1/14/2019,2582.61,0.45922926,688458333.1
1/15/2019,2585.100098,2613.080078,2585.100098,2610.300049,2610.300049,3572330000,1/15/2019,2610.3,0.456361952,1966014372
1/16/2019,2614.75,2625.76001,2612.679932,2616.100098,2616.100098,3863770000,1/16/2019,2616.1,0.457716246,2089639177
1/17/2019,2609.280029,2645.060059,2606.360107,2635.959961,2635.959961,3772270000,1/17/2019,2635.96,0.468120248,3018602482
1/18/2019,2651.27002,2675.469971,2647.580078,2670.709961,2670.709961,3986730000,1/18/2019,2670.71,0.457520395,1559369883
1/22/2019,2657.879883,2657.879883,2617.27002,2632.899902,2632.899902,3908030000,1/22/2019,2632.9,0.428778292,741811818.3
1/23/2019,2643.47998,2653.189941,2612.860107,2638.699951,2638.699951,3335610000,1/23/2019,2638.7,0.431434087,924567396.9
1/24/2019,2638.840088,2647.199951,2627.01001,2642.330078,2642.330078,3433250000,1/24/2019,2642.33,0.429370573,1205020175
1/25/2019,2657.439941,2672.379883,2657.330078,2664.76001,2664.76001,3814080000,1/25/2019,2664.76,0.417002273,1315967588
1/28/2019,2644.969971,2644.969971,2624.060059,2643.850098,2643.850098,3612810000,1/28/2019,2643.85,0.433483018,1029074479
1/29/2019,2644.889893,2650.929932,2631.050049,2640,2640,3504200000,1/29/2019,2640,0.423230404,872710620.2
1/30/2019,2653.620117,2690.439941,2648.340088,2681.050049,2681.050049,3867810000,1/30/2019,2681.05,0.43094706,2059768945
1/31/2019,2685.48999,2708.949951,2678.649902,2704.100098,2704.100098,4917650000,1/31/2019,2704.1,0.417916737,2816569717
2/1/2019,2702.320068,2716.659912,2696.879883,2706.530029,2706.530029,3759270000,2/1/2019,2706.53,0.432837679,2037890381
2/4/2019,2706.48999,2724.98999,2698.75,2724.870117,2724.870117,3359840000,2/4/2019,2724.87,0.427349142,2651320973
2/5/2019,2728.340088,2738.97998,2724.030029,2737.699951,2737.699951,3560430000,2/5/2019,2737.7,0.434037726,3402101380
2/6/2019,2735.050049,2738.080078,2724.149902,2731.610107,2731.610107,3472690000,2/6/2019,2731.61,0.4406807,2899263646
2/7/2019,2717.530029,2719.320068,2687.26001,2706.050049,2706.050049,4099490000,2/7/2019,2706.04,0.449229455,1478314706
2/8/2019,2692.360107,2708.070068,2681.830078,2707.879883,2707.879883,3622330000,2/8/2019,2707.88,0.444657974,1678506190
2/11/2019,2712.399902,2718.050049,2703.790039,2709.800049,2709.800049,3361970000,2/11/2019,2709.8,0.410361816,1697150334
2/12/2019,2722.610107,2748.189941,2722.610107,2744.72998,2744.72998,3827770000,2/12/2019,2744.73,0.41097392,3152210828
2/13/2019,2750.300049,2761.850098,2748.629883,2753.030029,2753.030029,3670770000,2/13/2019,2753.03,0.429148793,3507457726
2/14/2019,2743.5,2757.899902,2731.22998,2745.72998,2745.72998,3836700000,2/14/2019,2745.73,0.449330466,3090404163
2/15/2019,2760.23999,2775.659912,2760.23999,2775.600098,2775.600098,3641370000,2/15/2019,2775.6,0.419259976,2110208350
2/19/2019,2769.280029,2787.330078,2767.290039,2779.76001,2779.76001,3533710000,2/19/2019,2779.76,0.405681499,2495344037
2/20/2019,2779.050049,2789.879883,2774.060059,2784.699951,2784.699951,3835450000,2/20/2019,2784.7,0.433829617,2647972675
2/21/2019,2780.23999,2781.580078,2764.550049,2774.879883,2774.879883,3559710000,2/21/2019,2774.88,0.435948105,2191834769
2/22/2019,2780.669922,2794.199951,2779.110107,2792.669922,2792.669922,3427810000,2/22/2019,2792.67,0.414608312,2564574168
2/25/2019,2804.350098,2813.48999,2794.98999,2796.110107,2796.110107,3804380000,2/25/2019,2796.11,0.402778491,2718344116
2/26/2019,2792.360107,2803.120117,2789.469971,2793.899902,2793.899902,3645680000,2/26/2019,2793.9,0.436199933,2779307702
2/27/2019,2787.5,2795.76001,2775.129883,2792.379883,2792.379883,3767130000,2/27/2019,2792.38,0.436160933,2821204312
2/28/2019,2788.110107,2793.72998,2782.51001,2784.48999,2784.48999,4396930000,2/28/2019,2784.49,0.428611109,2457292621
3/1/2019,2798.219971,2808.02002,2787.379883,2803.689941,2803.689941,3972280000,3/1/2019,2803.69,0.432004735,2849712008
3/4/2019,2814.370117,2816.879883,2767.659912,2792.810059,2792.810059,3919810000,3/4/2019,2792.81,0.425424362,2814839966
3/5/2019,2794.409912,2796.439941,2782.969971,2789.649902,2789.649902,3585690000,3/5/2019,2789.65,0.425534895,2834080427
3/6/2019,2790.27002,2790.27002,2768.689941,2771.449951,2771.449951,3786600000,3/6/2019,2771.45,0.482174921,2111785444
3/7/2019,2766.530029,2767.25,2739.090088,2748.929932,2748.929932,3904860000,3/7/2019,2748.93,0.477602121,557643405.8
3/8/2019,2730.790039,2744.129883,2722.27002,2743.070068,2743.070068,3423130000,3/8/2019,2743.07,0.453461438,875458278.4
3/11/2019,2747.610107,2784,2747.610107,2783.300049,2783.300049,3749030000,3/11/2019,2783.3,0.443549757,2811441415
3/12/2019,2787.340088,2798.320068,2786.72998,2791.52002,2791.52002,3414230000,3/12/2019,2791.52,0.450529439,3361779821
3/13/2019,2799.780029,2821.23999,2799.780029,2810.919922,2810.919922,3766150000,3/13/2019,2810.93,0.432314464,4416755272
3/14/2019,2810.379883,2815,2803.459961,2808.47998,2808.47998,3469730000,3/14/2019,2808.48,0.43150121,4136001115
3/15/2019,2810.790039,2830.72998,2810.790039,2822.47998,2822.47998,5962730000,3/15/2019,2822.48,0.437207485,2278105806
3/18/2019,2822.610107,2835.409912,2821.98999,2832.939941,2832.939941,3552190000,3/18/2019,2832.94,0.436651517,2707893175
3/19/2019,2840.76001,2852.419922,2823.27002,2832.570068,2832.570068,3620220000,3/19/2019,2832.57,0.442802321,2886374467
3/20/2019,2831.340088,2843.540039,2812.429932,2824.22998,2824.22998,3771200000,3/20/2019,2824.23,0.46411351,3150949854
3/21/2019,2819.719971,2860.310059,2817.379883,2854.879883,2854.879883,3546800000,3/21/2019,2854.88,0.441359197,4391527361
3/22/2019,2844.52002,2846.159912,2800.469971,2800.709961,2800.709961,4237200000,3/22/2019,2800.71,0.445340437,1684721855
3/25/2019,2796.01001,2809.790039,2785.02002,2798.360107,2798.360107,3376580000,3/25/2019,2798.36,0.434858324,1652744526
3/26/2019,2812.659912,2829.870117,2803.98999,2818.459961,2818.459961,3266050000,3/26/2019,2818.46,0.418150375,2289489605
3/27/2019,2819.719971,2825.560059,2787.719971,2805.370117,2805.370117,3372930000,3/27/2019,2805.37,0.425702965,1714094105
3/28/2019,2809.399902,2819.709961,2798.77002,2815.439941,2815.439941,3158170000,3/28/2019,2815.44,0.420447564,2161053227
3/29/2019,2828.27002,2836.030029,2819.22998,2834.399902,2834.399902,3740700000,3/29/2019,2834.41,0.429682237,2536729466
4/1/2019,2848.629883,2869.399902,2848.629883,2867.189941,2867.189941,3500760000,4/1/2019,2867.19,0.400000205,3828722920
4/2/2019,2868.23999,2872.899902,2858.75,2867.23999,2867.23999,3246900000,4/2/2019,2867.24,0.41067695,4007118721
4/3/2019,2876.090088,2885.25,2865.169922,2873.399902,2873.399902,3550240000,4/3/2019,2873.4,0.396498523,4508422261
4/4/2019,2873.98999,2881.280029,2867.139893,2879.389893,2879.389893,3015180000,4/4/2019,2879.39,0.413460615,4919287343
4/5/2019,2884.159912,2893.23999,2882.98999,2892.73999,2892.73999,3146820000,4/5/2019,2892.74,0.400739867,4172201283
4/8/2019,2888.459961,2895.949951,2880.780029,2895.77002,2895.77002,3054030000,4/8/2019,2895.77,0.438380785,4386606538
4/9/2019,2886.580078,2886.879883,2873.330078,2878.199951,2878.199951,3007980000,4/9/2019,2878.2,0.437836163,3715873468
4/10/2019,2881.370117,2889.709961,2879.129883,2888.209961,2888.209961,3062380000,4/10/2019,2888.21,0.41668393,4484511507
4/11/2019,2891.919922,2893.419922,2881.98999,2888.320068,2888.320068,2938540000,4/11/2019,2888.32,0.413329909,4721750715
4/12/2019,2900.860107,2910.540039,2898.370117,2907.409912,2907.409912,3688490000,4/12/2019,2907.41,0.412939371,4364967900
4/15/2019,2908.320068,2909.600098,2896.47998,2905.580078,2905.580078,3088330000,4/15/2019,2905.58,0.400960981,4543714311
4/16/2019,2912.26001,2916.060059,2900.709961,2907.060059,2907.060059,3402210000,4/16/2019,2907.06,0.401121088,5211638563
4/17/2019,2916.040039,2918,2895.449951,2900.449951,2900.449951,3602300000,4/17/2019,2900.47,0.40264799,5275554128
4/18/2019,2904.810059,2908.399902,2891.899902,2905.030029,2905.030029,3506850000,4/18/2019,2905.03,0.407545873,2595828541
4/22/2019,2898.780029,2909.51001,2896.350098,2907.969971,2907.969971,2997950000,4/22/2019,2907.97,0.40342216,2883829567
4/23/2019,2909.98999,2936.310059,2908.530029,2933.679932,2933.679932,3635030000,4/23/2019,2933.68,0.396442171,3708523162
4/24/2019,2934,2936.830078,2926.050049,2927.25,2927.25,3448960000,4/24/2019,2927.25,0.415219775,3347828564
4/25/2019,2928.98999,2933.100098,2912.840088,2926.169922,2926.169922,3425280000,4/25/2019,2926.17,0.432309214,3461944379
4/26/2019,2925.810059,2939.879883,2917.560059,2939.879883,2939.879883,3248500000,4/26/2019,2939.88,0.414497149,3316026881
4/29/2019,2940.580078,2949.52002,2939.350098,2943.030029,2943.030029,3118780000,4/29/2019,2943.03,0.394485934,3489304625
4/30/2019,2937.139893,2948.219971,2924.110107,2945.830078,2945.830078,3919330000,4/30/2019,2945.83,0.392713932,3022369059
5/1/2019,2952.330078,2954.129883,2923.360107,2923.72998,2923.72998,3645850000,5/1/2019,2923.73,0.4075884,2294443397
5/2/2019,2922.159912,2931.679932,2900.5,2917.52002,2917.52002,3778890000,5/2/2019,2917.52,0.40926483,1588138612
5/3/2019,2929.209961,2947.850098,2929.209961,2945.639893,2945.639893,3338120000,5/3/2019,2945.64,0.382392165,3683628615
5/6/2019,2908.889893,2937.320068,2898.209961,2932.469971,2932.469971,3181520000,5/6/2019,2932.47,0.415698963,3269513326
5/7/2019,2913.030029,2913.030029,2862.600098,2884.050049,2884.050049,3767100000,5/7/2019,2884.05,0.421404228,1387700954
5/8/2019,2879.610107,2897.959961,2873.280029,2879.419922,2879.419922,3485790000,5/8/2019,2879.42,0.410670808,1315362873
5/9/2019,2859.840088,2875.969971,2836.399902,2870.719971,2870.719971,3638820000,5/9/2019,2870.72,0.410291006,611175785.8
5/10/2019,2863.100098,2891.310059,2825.389893,2881.399902,2881.399902,3529600000,5/10/2019,2881.4,0.423492587,1407780724
5/13/2019,2840.189941,2840.189941,2801.429932,2811.870117,2811.870117,3894030000,5/13/2019,2811.87,0.419037384,-660387652.6
5/14/2019,2820.120117,2852.540039,2820.120117,2834.409912,2834.409912,3322720000,5/14/2019,2834.41,0.420423807,-137878630.9
5/15/2019,2820.379883,2858.679932,2815.080078,2850.959961,2850.959961,3125950000,5/15/2019,2850.96,0.419397569,1154771281
5/16/2019,2855.800049,2892.149902,2855.800049,2876.320068,2876.320068,3338060000,5/16/2019,2876.32,0.440078359,3114396510
5/17/2019,2858.600098,2885.47998,2854.22998,2859.530029,2859.530029,3257950000,5/17/2019,2859.51,0.463386323,1101371353
5/20/2019,2841.939941,2853.860107,2831.290039,2840.22998,2840.22998,3288870000,5/20/2019,2840.23,0.419201906,511229616.9
5/21/2019,2854.02002,2868.879883,2854.02002,2864.360107,2864.360107,3218700000,5/21/2019,2864.36,0.424296424,1077281484
5/22/2019,2856.060059,2865.469971,2851.110107,2856.27002,2856.27002,3192510000,5/22/2019,2856.27,0.42702913,970565608.8
5/23/2019,2836.699951,2836.699951,2805.48999,2822.23999,2822.23999,3891980000,5/23/2019,2822.24,0.434489337,-322305972.1
5/24/2019,2832.409912,2841.360107,2820.189941,2826.060059,2826.060059,2887390000,5/24/2019,2826.06,0.443533321,425214209.9
5/28/2019,2830.030029,2840.51001,2801.580078,2802.389893,2802.389893,4121410000,5/28/2019,2802.39,0.433762223,86997253.18
5/29/2019,2790.25,2792.030029,2766.060059,2783.02002,2783.02002,3700050000,5/29/2019,2783.02,0.436875327,-617453262.7
5/30/2019,2786.939941,2799,2776.73999,2788.860107,2788.860107,3273790000,5/30/2019,2788.87,0.442364864,-249167557.4
5/31/2019,2766.149902,2768.97998,2750.52002,2752.060059,2752.060059,3981020000,5/31/2019,2752.06,0.455025056,-655603961.2
6/3/2019,2751.530029,2763.070068,2728.810059,2744.449951,2744.449951,3943810000,6/3/2019,2744.31,0.429222092,-998686295.5
6/4/2019,2762.639893,2804.48999,2762.639893,2803.27002,2803.27002,3810430000,6/4/2019,2803.27,0.444234879,508859114.1
6/5/2019,2818.090088,2827.280029,2800.919922,2826.149902,2826.149902,3548830000,6/5/2019,2826.15,0.436803468,1316830937
6/6/2019,2828.51001,2852.100098,2822.449951,2843.48999,2843.48999,3396410000,6/6/2019,2843.49,0.425732064,2139446209
6/7/2019,2852.870117,2884.969971,2852.870117,2873.340088,2873.340088,3220250000,6/7/2019,2873.34,0.41933066,2312457965
6/10/2019,2885.830078,2904.77002,2885.51001,2886.72998,2886.72998,3209210000,6/10/2019,2886.73,0.42900463,2992053141
6/11/2019,2903.27002,2910.610107,2878.530029,2885.719971,2885.719971,3548420000,6/11/2019,2885.72,0.427217653,2919367098
6/12/2019,2882.72998,2888.570068,2874.679932,2879.840088,2879.840088,3034130000,6/12/2019,2879.84,0.430424423,2534629945
6/13/2019,2886.23999,2895.23999,2881.98999,2891.639893,2891.639893,3069810000,6/13/2019,2891.64,0.441994955,3341129060
6/14/2019,2886.820068,2894.449951,2879.620117,2886.97998,2886.97998,2922330000,6/14/2019,2886.99,0.434904775,2601722033
6/17/2019,2889.75,2897.27002,2887.300049,2889.669922,2889.669922,2810140000,6/17/2019,2889.67,0.408897199,3026953727
6/18/2019,2906.709961,2930.790039,2905.439941,2917.75,2917.75,3437620000,6/18/2019,2917.75,0.375277305,4231361794
6/19/2019,2920.550049,2931.73999,2911.429932,2926.459961,2926.459961,3287890000,6/19/2019,2926.46,0.400692682,4655163285
6/20/2019,2949.600098,2958.060059,2931.5,2954.179932,2954.179932,3905940000,6/20/2019,2954.18,0.426389029,6809353453
6/21/2019,2952.709961,2964.149902,2946.870117,2950.459961,2950.459961,5000120000,6/21/2019,2950.5,0.426155879,2788279330
6/24/2019,2951.419922,2954.919922,2944.050049,2945.350098,2945.350098,3136250000,6/24/2019,2945.36,0.433618938,2682082373
6/25/2019,2945.780029,2946.52002,2916.01001,2917.379883,2917.379883,3578050000,6/25/2019,2917.38,0.397518563,1715046080
6/26/2019,2926.070068,2932.590088,2912.98999,2913.780029,2913.780029,3478130000,6/26/2019,2913.78,0.408467625,1979085659
6/27/2019,2919.659912,2929.300049,2918.570068,2924.919922,2924.919922,3122920000,6/27/2019,2924.92,0.403991135,2235671649
6/28/2019,2932.939941,2943.97998,2929.050049,2941.76001,2941.76001,5420700000,6/28/2019,2941.76,0.397684757,2150116150
7/1/2019,2971.409912,2977.929932,2952.219971,2964.330078,2964.330078,3513270000,7/1/2019,2964.33,0.404680976,3009288045
7/2/2019,2964.659912,2973.209961,2955.919922,2973.01001,2973.01001,3206840000,7/2/2019,2973.01,0.413374381,4032391466
7/3/2019,2978.080078,2995.840088,2977.959961,2995.820068,2995.820068,1963720000,7/3/2019,2995.82,0.369263722,6001563023
7/5/2019,2984.25,2994.030029,2967.969971,2990.409912,2990.409912,2434210000,7/5/2019,2990.41,0.429074552,3605487092
7/8/2019,2979.77002,2980.76001,2970.090088,2975.949951,2975.949951,2904550000,7/8/2019,2975.95,0.394299579,3363916928
7/9/2019,2965.52002,2981.899902,2963.439941,2979.629883,2979.629883,3028210000,7/9/2019,2979.63,0.395008273,5031135139
7/10/2019,2989.300049,3002.97998,2984.620117,2993.070068,2993.070068,3154240000,7/10/2019,2993.07,0.386879671,6799856780
7/11/2019,2999.620117,3002.330078,2988.800049,2999.909912,2999.909912,3154620000,7/11/2019,2999.91,0.388058418,6114535112
7/12/2019,3003.360107,3013.919922,3001.870117,3013.77002,3013.77002,2974960000,7/12/2019,3013.77,0.395606116,6592506393
7/15/2019,3017.800049,3017.800049,3008.77002,3014.300049,3014.300049,2874970000,7/15/2019,3014.3,0.392037505,7692487283
7/16/2019,3012.129883,3015.02002,3001.149902,3004.040039,3004.040039,3290650000,7/16/2019,3004.04,0.378023375,7100241255
7/17/2019,3005.100098,3005.26001,2984.25,2984.419922,2984.419922,3181600000,7/17/2019,2984.42,0.408526459,5114619731
7/18/2019,2978.870117,2998.280029,2973.090088,2995.110107,2995.110107,3296580000,7/18/2019,2995.1,0.420135807,3282828553
7/19/2019,3004.26001,3006.02002,2975.860107,2976.610107,2976.610107,3260360000,7/19/2019,2976.61,0.437924433,1383015562
7/22/2019,2981.929932,2990.709961,2976.649902,2985.030029,2985.030029,3003720000,7/22/2019,2985.02,0.424543477,1771523942
7/23/2019,2994.73999,3005.899902,2988.560059,3005.469971,3005.469971,3313660000,7/23/2019,3005.47,0.418681972,2820676279
7/24/2019,2998.77002,3019.590088,2996.820068,3019.560059,3019.560059,3428980000,7/24/2019,3019.56,0.406972537,3468012101
7/25/2019,3016.26001,3016.310059,2997.23999,3003.669922,3003.669922,3645270000,7/25/2019,3003.67,0.440735278,2968165794
7/26/2019,3013.25,3027.97998,3012.590088,3025.860107,3025.860107,3257590000,7/26/2019,3025.86,0.430797515,2879676878
7/29/2019,3024.469971,3025.610107,3014.300049,3020.969971,3020.969971,3203710000,7/29/2019,3020.97,0.393661143,2448648425
7/30/2019,3007.659912,3017.189941,3000.939941,3013.179932,3013.179932,3634330000,7/30/2019,3013.18,0.41465546,2242310116
7/31/2019,3016.219971,3017.399902,2958.080078,2980.379883,2980.379883,4623430000,7/31/2019,2980.36,0.427294977,1014922967
8/1/2019,2980.320068,3013.590088,2945.22998,2953.560059,2953.560059,4762300000,8/1/2019,2953.56,0.428041422,222745764.8
8/2/2019,2943.899902,2945.5,2914.110107,2932.050049,2932.050049,3874660000,8/2/2019,2932.05,0.429891885,444632947.1
8/5/2019,2898.070068,2898.070068,2822.120117,2844.73999,2844.73999,4513730000,8/5/2019,2844.74,0.426661161,-1090684445
8/6/2019,2861.179932,2884.399902,2847.419922,2881.77002,2881.77002,4154240000,8/6/2019,2881.77,0.436041591,-234410228.5
8/7/2019,2858.649902,2892.169922,2825.709961,2883.97998,2883.97998,4491750000,8/7/2019,2883.98,0.447901094,-221865700.9
8/8/2019,2896.209961,2938.719971,2894.469971,2938.090088,2938.090088,4106370000,8/8/2019,2938.09,0.423342348,3156826140
8/9/2019,2930.51001,2935.75,2900.149902,2918.649902,2918.649902,3350640000,8/9/2019,2918.65,0.440176213,1145370587
8/12/2019,2907.070068,2907.580078,2873.139893,2882.699951,2882.699951,2851630000,8/12/2019,2882.69,0.424509545,328898414.9
8/13/2019,2880.719971,2943.310059,2877.050049,2926.320068,2926.320068,3853600000,8/13/2019,2926.32,0.415325216,895203143.9
8/14/2019,2894.149902,2894.149902,2839.639893,2840.600098,2840.600098,4312530000,8/14/2019,2840.6,0.453332226,-1227145327
8/15/2019,2846.199951,2856.669922,2825.51001,2847.600098,2847.600098,4038000000,8/15/2019,2847.6,0.420817995,-591406462.9
8/16/2019,2864.73999,2893.629883,2864.73999,2888.679932,2888.679932,3498150000,8/16/2019,2888.68,0.422214158,323774772.3
8/19/2019,2913.47998,2931,2913.47998,2923.649902,2923.649902,3212880000,8/19/2019,2923.64,0.408194915,1257211506
8/20/2019,2919.01001,2923.629883,2899.600098,2900.51001,2900.51001,3066300000,8/20/2019,2900.51,0.434719385,629628005.5
8/21/2019,2922.040039,2928.72998,2917.909912,2924.429932,2924.429932,3011190000,8/21/2019,2924.43,0.411911517,1620355876
8/22/2019,2930.939941,2939.080078,2904.51001,2922.949951,2922.949951,2890880000,8/22/2019,2922.95,0.4255389,1253027265
8/23/2019,2911.070068,2927.01001,2834.969971,2847.110107,2847.110107,3937300000,8/23/2019,2847.11,0.468871117,-252362535.6
8/26/2019,2866.699951,2879.27002,2856,2878.379883,2878.379883,2857600000,8/26/2019,2878.38,0.418623441,156623383
8/27/2019,2893.139893,2898.790039,2860.590088,2869.159912,2869.159912,3533630000,8/27/2019,2869.16,0.42335028,-70147682.44
8/28/2019,2861.280029,2890.030029,2853.050049,2887.939941,2887.939941,3097420000,8/28/2019,2887.94,0.420442895,-278980261.7
8/29/2019,2910.370117,2930.5,2905.669922,2924.580078,2924.580078,3176190000,8/29/2019,2924.58,0.413043413,2744423695
8/30/2019,2937.090088,2940.429932,2913.320068,2926.459961,2926.459961,3008450000,8/30/2019,2926.46,0.44089143,1673083469
9/3/2019,2909.01001,2914.389893,2891.850098,2906.27002,2906.27002,3426790000,9/3/2019,2906.27,0.441008835,655098872.1
9/4/2019,2924.669922,2938.840088,2921.860107,2937.780029,2937.780029,3163260000,9/4/2019,2937.78,0.40388544,1607852090
9/5/2019,2960.600098,2985.860107,2960.600098,2976,2976,3890700000,9/5/2019,2976,0.408715157,5789727024
9/6/2019,2980.330078,2985.030029,2972.51001,2978.709961,2978.709961,3208280000,9/6/2019,2978.71,0.415885549,2963183465
9/9/2019,2988.429932,2989.429932,2969.389893,2978.429932,2978.429932,4002890000,9/9/2019,2978.43,0.420456297,2738909582
9/10/2019,2971.01001,2979.389893,2957.01001,2979.389893,2979.389893,4390770000,9/10/2019,2979.39,0.41991744,2948241304
9/11/2019,2981.409912,3000.929932,2975.310059,3000.929932,3000.929932,3927550000,9/11/2019,3000.9,0.417609069,4264664219
9/12/2019,3009.080078,3020.73999,3000.919922,3009.570068,3009.570068,3791860000,9/12/2019,3009.57,0.423266203,6175559030
9/13/2019,3012.209961,3017.330078,3002.899902,3007.389893,3007.389893,3520060000,9/13/2019,3007.37,0.42109208,4760360939
9/16/2019,2996.409912,3002.189941,2990.669922,2997.959961,2997.959961,4274640000,9/16/2019,2997.96,0.430683696,3596891437
9/17/2019,2995.669922,3006.209961,2993.72998,3005.699951,3005.699951,3671840000,9/17/2019,3005.64,0.435117334,4604086110
9/18/2019,3001.5,3007.830078,2978.570068,3006.72998,3006.72998,3435540000,9/18/2019,3006.73,0.450168686,4343912105
9/19/2019,3010.360107,3021.98999,3003.159912,3006.790039,3006.790039,3251290000,9/19/2019,3006.76,0.44346152,4314537266
9/20/2019,3008.419922,3016.370117,2984.679932,2992.070068,2992.070068,6094740000,9/20/2019,2991.98,0.457076479,1460973065
9/23/2019,2983.5,2999.149902,2982.22998,2991.780029,2991.780029,3186590000,9/23/2019,2991.79,0.42747883,1159392730
9/24/2019,3002.429932,3007.97998,2957.72998,2966.600098,2966.600098,3868160000,9/24/2019,2966.61,0.418510146,311838846
9/25/2019,2968.350098,2989.820068,2952.860107,2984.870117,2984.870117,3318870000,9/25/2019,2984.86,0.401699051,446764901.7
9/26/2019,2985.72998,2987.280029,2963.709961,2977.620117,2977.620117,3077240000,9/26/2019,2977.62,0.405758698,953488275.1
9/27/2019,2985.469971,2987.310059,2945.530029,2961.790039,2961.790039,3243650000,9/27/2019,2961.79,0.417310139,1047297558
9/30/2019,2967.070068,2983.850098,2967.070068,2976.73999,2976.73999,3247610000,9/30/2019,2976.74,0.37582255,1546094551
10/1/2019,2983.689941,2992.530029,2938.699951,2940.25,2940.25,3558040000,10/1/2019,2940.25,0.395180335,752856808.1
10/2/2019,2924.780029,2924.780029,2874.929932,2887.610107,2887.610107,3912520000,10/2/2019,2887.62,0.406431917,-800325334.4
10/3/2019,2885.379883,2911.129883,2855.939941,2910.629883,2910.629883,3503640000,10/3/2019,2910.64,0.408613749,210501941.1
10/4/2019,2918.560059,2953.73999,2918.560059,2952.01001,2952.01001,2990830000,10/4/2019,2951.97,0.417775331,1414848353
10/7/2019,2944.22998,2959.75,2935.679932,2938.790039,2938.790039,2940140000,10/7/2019,2938.79,0.407421336,1120509472
10/8/2019,2920.399902,2925.469971,2892.659912,2893.060059,2893.060059,3356450000,10/8/2019,2893.06,0.417540644,13074552.67
10/9/2019,2911.100098,2929.320068,2907.409912,2919.399902,2919.399902,2726820000,10/9/2019,2919.4,0.398611124,949703459.4
10/10/2019,2918.550049,2948.459961,2917.120117,2938.129883,2938.129883,3217250000,10/10/2019,2938.13,0.416704473,1312512623
10/11/2019,2963.070068,2993.280029,2963.070068,2970.27002,2970.27002,3580460000,10/11/2019,2970.27,0.402998043,2254375192
10/14/2019,2965.810059,2972.840088,2962.939941,2966.149902,2966.149902,2557020000,10/14/2019,2966.15,0.434897051,2250020696
10/15/2019,2973.610107,3003.280029,2973.610107,2995.679932,2995.679932,3340740000,10/15/2019,2995.68,0.433857014,4666622782
10/16/2019,2989.679932,2997.540039,2985.199951,2989.689941,2989.689941,3222570000,10/16/2019,2989.69,0.405418215,4370167753
10/17/2019,3000.77002,3008.290039,2991.790039,2997.949951,2997.949951,3115960000,10/17/2019,2997.95,0.432070944,4941474775
10/18/2019,2996.840088,3000,2976.310059,2986.199951,2986.199951,3264290000,10/18/2019,2986.2,0.428249881,1448209579
10/21/2019,2996.47998,3007.330078,2995.350098,3006.719971,3006.719971,3271620000,10/21/2019,3006.73,0.411886262,2035226238
10/22/2019,3010.72998,3014.570068,2995.040039,2995.98999,2995.98999,3523890000,10/22/2019,2995.99,0.426552423,1810500603
10/23/2019,2994.01001,3004.780029,2991.209961,3004.52002,3004.52002,3392870000,10/23/2019,3004.52,0.416392907,2087765684
10/24/2019,3014.780029,3016.070068,3000.419922,3010.290039,3010.290039,3692600000,10/24/2019,3010.27,0.422678902,2693848935
10/25/2019,3003.320068,3027.389893,3001.939941,3022.550049,3022.550049,3370370000,10/25/2019,3022.51,0.462804464,2239490995
10/28/2019,3032.120117,3044.080078,3032.120117,3039.419922,3039.419922,3521230000,10/28/2019,3039.42,0.418665403,3277916674
10/29/2019,3035.389893,3047.870117,3034.810059,3036.889893,3036.889893,3589930000,10/29/2019,3036.88,0.427210933,2837080200
10/30/2019,3039.73999,3050.100098,3025.959961,3046.77002,3046.77002,3776030000,10/30/2019,3046.77,0.441827252,3836179034
10/31/2019,3046.899902,3046.899902,3023.189941,3037.560059,3037.560059,4139280000,10/31/2019,3037.58,0.452065306,3944362020
11/1/2019,3050.719971,3066.949951,3050.719971,3066.909912,3066.909912,3930200000,11/1/2019,3066.91,0.434020031,3964008807
11/4/2019,3078.959961,3085.199951,3074.870117,3078.27002,3078.27002,4146850000,11/4/2019,3078.27,0.410867463,4837177236
11/5/2019,3080.800049,3083.949951,3072.149902,3074.620117,3074.620117,4486130000,11/5/2019,3074.62,0.41190333,4761056422
11/6/2019,3075.100098,3078.340088,3065.889893,3076.780029,3076.780029,4458190000,11/6/2019,3076.78,0.397406659,4329850318
11/7/2019,3087.02002,3097.77002,3080.22998,3085.179932,3085.179932,4144640000,11/7/2019,3085.18,0.400258443,4991959905
11/8/2019,3081.25,3093.090088,3073.580078,3093.080078,3093.080078,3499150000,11/8/2019,3093.08,0.424019174,4766459239
11/11/2019,3080.330078,3088.330078,3075.820068,3087.01001,3087.01001,3035530000,11/11/2019,3087.01,0.435015219,4311833279
11/12/2019,3089.280029,3102.610107,3084.72998,3091.840088,3091.840088,3466010000,11/12/2019,3091.84,0.429752989,4689719887
11/13/2019,3084.179932,3098.060059,3078.800049,3094.040039,3094.040039,3509280000,11/13/2019,3094.04,0.442319536,4045997658
11/14/2019,3090.75,3098.199951,3083.26001,3096.629883,3096.629883,3276070000,11/14/2019,3096.63,0.431208956,2749752101
11/15/2019,3107.919922,3120.459961,3104.600098,3120.459961,3120.459961,3335650000,11/15/2019,3120.46,0.436792269,2929398690
11/18/2019,3117.909912,3124.169922,3112.060059,3122.030029,3122.030029,3436690000,11/18/2019,3122.03,0.423370458,3329456027
11/19/2019,3127.449951,3127.639893,3113.469971,3120.179932,3120.179932,3590070000,11/19/2019,3120.18,0.422310301,3366308353
11/20/2019,3114.659912,3118.969971,3091.409912,3108.459961,3108.459961,4034890000,11/20/2019,3108.46,0.4351328,2652596441
11/21/2019,3108.48999,3110.110107,3094.550049,3103.540039,3103.540039,3720560000,11/21/2019,3103.54,0.43133292,2212434208
11/22/2019,3111.409912,3112.870117,3099.26001,3110.290039,3110.290039,3226780000,11/22/2019,3110.29,0.417131246,2485387820
11/25/2019,3117.439941,3133.830078,3117.439941,3133.639893,3133.639893,3511530000,11/25/2019,3133.64,0.381546985,4539121986
11/26/2019,3134.850098,3142.689941,3131,3140.52002,3140.52002,4595590000,11/26/2019,3140.52,0.390529917,5855883491
11/27/2019,3145.48999,3154.26001,3143.409912,3153.629883,3153.629883,3033090000,11/27/2019,3153.63,0.395141154,8220194843
11/29/2019,3147.179932,3150.300049,3139.340088,3140.97998,3140.97998,1743020000,11/29/2019,3140.98,0.422284336,3675461360
12/2/2019,3143.850098,3144.310059,3110.780029,3113.870117,3113.870117,3268740000,12/2/2019,3113.87,0.406087015,2328338779
12/3/2019,3087.409912,3094.969971,3070.330078,3093.199951,3093.199951,3653390000,12/3/2019,3093.2,0.396628945,1567258575
12/4/2019,3103.5,3119.379883,3102.530029,3112.76001,3112.76001,3695030000,12/4/2019,3112.76,0.399313531,3054096970
12/5/2019,3119.209961,3119.449951,3103.76001,3117.429932,3117.429932,3355750000,12/5/2019,3117.43,0.410275843,2517959778
12/6/2019,3134.620117,3150.600098,3134.620117,3145.909912,3145.909912,3479480000,12/6/2019,3145.91,0.416479911,4625510343
12/9/2019,3141.860107,3148.870117,3135.459961,3135.959961,3135.959961,3345990000,12/9/2019,3135.96,0.407991969,4070175820
12/10/2019,3135.360107,3142.120117,3126.090088,3132.52002,3132.52002,3343790000,12/10/2019,3132.52,0.413869937,3033918627
12/11/2019,3135.75,3143.97998,3133.209961,3141.629883,3141.629883,3252540000,12/11/2019,3141.63,0.426127152,4094177057
12/12/2019,3141.22998,3176.280029,3138.469971,3168.570068,3168.570068,3990690000,12/12/2019,3168.57,0.432924917,6666654036
12/13/2019,3166.649902,3182.679932,3156.51001,3168.800049,3168.800049,3736870000,12/13/2019,3168.8,0.470428479,6194083045
12/16/2019,3183.629883,3197.709961,3183.629883,3191.449951,3191.449951,4051790000,12/16/2019,3191.45,0.412800749,8353045480
12/17/2019,3195.399902,3198.219971,3191.030029,3192.52002,3192.52002,3837540000,12/17/2019,3192.52,0.405531823,8662702294
12/18/2019,3195.209961,3198.47998,3191.139893,3191.139893,3191.139893,4014080000,12/18/2019,3191.14,0.418749397,7674543991
12/19/2019,3192.320068,3205.47998,3192.320068,3205.370117,3205.370117,3720450000,12/19/2019,3205.37,0.455340692,9993524947
12/20/2019,3223.330078,3225.649902,3216.030029,3221.219971,3221.219971,6454270000,12/20/2019,3221.22,0.46602796,4951714503
12/23/2019,3226.050049,3227.780029,3222.300049,3224.01001,3224.01001,3060610000,12/23/2019,3224.01,0.436724312,5444594720
12/24/2019,3225.449951,3226.429932,3220.51001,3223.379883,3223.379883,1296540000,12/24/2019,3223.38,0.478467628,5654027704
12/26/2019,3227.199951,3240.080078,3227.199951,3239.909912,3239.909912,2160680000,12/26/2019,3239.91,0.469282325,9473289627
12/27/2019,3247.22998,3247.929932,3234.370117,3240.02002,3240.02002,2428670000,12/27/2019,3240.02,0.433384331,5564261213
12/30/2019,3240.090088,3240.919922,3216.570068,3221.290039,3221.290039,3013290000,12/30/2019,3221.29,0.441638316,5178013686
12/31/2019,3215.179932,3231.719971,3212.030029,3230.780029,3230.780029,2893810000,12/31/2019,3230.78,0.433969248,4923714766
1/2/2020,3244.669922,3258.139893,3235.530029,3257.850098,3257.850098,3458250000,1/2/2020,3257.85,0.428803072,9617965181
1/3/2020,3226.360107,3246.149902,3222.340088,3234.850098,3234.850098,3461290000,1/3/2020,3234.85,0.440180539,4752556828
1/6/2020,3217.550049,3246.840088,3214.639893,3246.280029,3246.280029,3674070000,1/6/2020,3246.28,0.401543172,7562268989
1/7/2020,3241.860107,3244.909912,3232.429932,3237.179932,3237.179932,3420380000,1/7/2020,3237.18,0.400915862,7554882610
1/8/2020,3238.590088,3267.070068,3236.669922,3253.050049,3253.050049,3720890000,1/8/2020,3253.05,0.387896624,9871354766
1/9/2020,3266.030029,3275.580078,3263.669922,3274.699951,3274.699951,3638390000,1/9/2020,3274.7,0.410326563,11566402278
1/10/2020,3281.810059,3282.98999,3260.860107,3265.350098,3265.350098,3212970000,1/10/2020,3265.35,0.42833749,10212821941
1/13/2020,3271.129883,3288.129883,3268.429932,3288.129883,3288.129883,3456380000,1/13/2020,3288.13,0.413372762,9050514635
1/14/2020,3285.350098,3294.25,3277.189941,3283.149902,3283.149902,3665130000,1/14/2020,3283.15,0.416143037,8220541154
1/15/2020,3282.27002,3298.659912,3280.689941,3289.290039,3289.290039,3716840000,1/15/2020,3289.29,0.425518499,9009324949
1/16/2020,3302.969971,3317.110107,3302.820068,3316.810059,3316.810059,3535080000,1/16/2020,3316.81,0.426727372,8261237727
1/17/2020,3323.659912,3329.879883,3318.860107,3329.620117,3329.620117,3698170000,1/17/2020,3329.62,0.438130213,3694541951
1/21/2020,3321.030029,3329.790039,3316.610107,3320.790039,3320.790039,4105340000,1/21/2020,3320.79,0.43171173,4021473536
1/22/2020,3330.02002,3337.77002,3320.040039,3321.75,3321.75,3619850000,1/22/2020,3321.75,0.437938368,4089394999
1/23/2020,3315.77002,3326.879883,3301.870117,3325.540039,3325.540039,3764860000,1/23/2020,3325.54,0.432879961,4020590648
1/24/2020,3333.100098,3333.179932,3281.530029,3295.469971,3295.469971,3707130000,1/24/2020,3295.47,0.459844613,1956664194
1/27/2020,3247.159912,3258.850098,3234.5,3243.629883,3243.629883,3823100000,1/27/2020,3243.63,0.424057009,637914290.7
1/28/2020,3255.350098,3285.780029,3253.219971,3276.23999,3276.23999,3526720000,1/28/2020,3276.24,0.436453142,1618532887
1/29/2020,3289.459961,3293.469971,3271.889893,3273.399902,3273.399902,3584500000,1/29/2020,3273.4,0.449500972,1747056326
1/30/2020,3256.449951,3285.909912,3242.800049,3283.659912,3283.659912,3787250000,1/30/2020,3283.66,0.437035116,2070348731
1/31/2020,3282.330078,3282.330078,3214.679932,3225.52002,3225.52002,4527830000,1/31/2020,3225.52,0.424568808,1546000851
2/3/2020,3235.659912,3268.439941,3235.659912,3248.919922,3248.919922,3757910000,2/3/2020,3248.92,0.408135676,1886168624
2/4/2020,3280.610107,3306.919922,3280.610107,3297.590088,3297.590088,3995320000,2/4/2020,3297.59,0.389275776,3359119024
2/5/2020,3324.909912,3337.580078,3313.75,3334.689941,3334.689941,4117730000,2/5/2020,3334.69,0.410363147,4067938357
2/6/2020,3344.919922,3347.959961,3334.389893,3345.780029,3345.780029,3868370000,2/6/2020,3345.78,0.418594873,5336330666
2/7/2020,3335.540039,3341.419922,3322.120117,3327.709961,3327.709961,3730650000,2/7/2020,3327.7,0.430927906,4120952064
2/10/2020,3318.280029,3352.26001,3317.77002,3352.090088,3352.090088,3450350000,2/10/2020,3352.1,0.409941981,5361523682
2/11/2020,3365.870117,3375.629883,3352.719971,3357.75,3357.75,3760550000,2/11/2020,3357.75,0.424073492,5722246614
2/12/2020,3370.5,3381.469971,3369.719971,3379.449951,3379.449951,3926380000,2/12/2020,3379.45,0.408969195,7967208232
2/13/2020,3365.899902,3385.090088,3360.52002,3373.939941,3373.939941,3498240000,2/13/2020,3373.94,0.423862929,7211357200
2/14/2020,3378.080078,3380.689941,3366.149902,3380.159912,3380.159912,3398040000,2/14/2020,3380.14,0.432181529,5770086243
2/18/2020,3369.040039,3375.01001,3355.610107,3370.290039,3370.290039,3746720000,2/18/2020,3370.29,0.408374413,5660220155
2/19/2020,3380.389893,3393.52002,3378.830078,3386.149902,3386.149902,3600150000,2/19/2020,3386.12,0.416881131,6381535398
2/20/2020,3380.449951,3389.149902,3341.02002,3373.22998,3373.22998,4007320000,2/20/2020,3373.23,0.425312149,4437306750
2/21/2020,3360.5,3360.76001,3328.449951,3337.75,3337.75,3899270000,2/21/2020,3337.68,0.420910095,1322774453
2/24/2020,3257.610107,3259.810059,3214.649902,3225.889893,3225.889893,4842960000,2/24/2020,3225.89,0.381210883,-773233389.7
2/25/2020,3238.939941,3246.98999,3118.77002,3128.209961,3128.209961,5591510000,2/25/2020,3128.27,0.39385871,-1631927245
2/26/2020,3139.899902,3182.51001,3108.98999,3116.389893,3116.389893,5478110000,2/26/2020,3116.43,0.398890185,-1624169660
2/27/2020,3062.540039,3097.070068,2977.389893,2978.76001,2978.76001,7058840000,2/27/2020,2978.56,0.361877929,-2958422909
2/28/2020,2916.899902,2959.719971,2855.840088,2954.219971,2954.219971,8563850000,2/28/2020,2954.21,0.380413312,-1423445495
3/2/2020,2974.280029,3090.959961,2945.189941,3090.22998,3090.22998,6376400000,3/2/2020,3090.26,0.448495727,-132090239
3/3/2020,3096.459961,3136.719971,2976.629883,3003.370117,3003.370117,6355940000,3/3/2020,3003.37,0.456905167,-1094764736
3/4/2020,3045.75,3130.969971,3034.379883,3130.120117,3130.120117,5035480000,3/4/2020,3130.12,0.420300314,1292494130
3/5/2020,3075.699951,3083.040039,2999.830078,3023.939941,3023.939941,5575550000,3/5/2020,3024.08,0.44253285,-992248105.7
3/6/2020,2954.199951,2985.929932,2901.540039,2972.370117,2972.370117,6552140000,3/6/2020,2972.4,0.452161801,-1026984873
3/9/2020,2863.889893,2863.889893,2734.429932,2746.560059,2746.560059,8423050000,3/9/2020,2746.52,0.416464937,-1664364383
3/10/2020,2813.47998,2882.590088,2734,2882.22998,2882.22998,7635960000,3/10/2020,2882.24,0.418249764,-1000251181
3/11/2020,2825.600098,2825.600098,2707.219971,2741.379883,2741.379883,7374110000,3/11/2020,2741.38,0.439414689,-1628876725
3/12/2020,2630.860107,2660.949951,2478.860107,2480.639893,2480.639893,8829380000,3/12/2020,2480.64,0.377596444,-2170934233
3/13/2020,2569.98999,2711.330078,2492.370117,2711.02002,2711.02002,8258670000,3/13/2020,2710.94,0.390935849,-1540240424
3/16/2020,2508.590088,2562.97998,2380.939941,2386.129883,2386.129883,7781540000,3/16/2020,2386.13,0.372537161,-1758235174
3/17/2020,2425.659912,2553.929932,2367.040039,2529.189941,2529.189941,8358500000,3/17/2020,2529.09,0.352457656,-1153920356
3/18/2020,2436.5,2453.570068,2280.52002,2398.100098,2398.100098,8755780000,3/18/2020,2398.42,0.35420916,-231405936
3/19/2020,2393.47998,2466.969971,2319.780029,2409.389893,2409.389893,7946710000,3/19/2020,2409.53,0.353334648,-1009988451
3/20/2020,2431.939941,2453.01001,2295.560059,2304.919922,2304.919922,9044690000,3/20/2020,2304.88,0.411403847,-641778574.9
3/23/2020,2290.709961,2300.72998,2191.860107,2237.399902,2237.399902,7402180000,3/23/2020,2237.4,0.3665712,-67803558.89
3/24/2020,2344.439941,2449.709961,2344.439941,2447.330078,2447.330078,7547350000,3/24/2020,2447.33,0.402207845,600219982
3/25/2020,2457.77002,2571.419922,2407.530029,2475.560059,2475.560059,8285670000,3/25/2020,2475.56,0.461185225,-157646663.2
3/26/2020,2501.290039,2637.01001,2500.719971,2630.070068,2630.070068,7753160000,3/26/2020,2630.07,0.480941064,1106729625
3/27/2020,2555.870117,2615.909912,2520.02002,2541.469971,2541.469971,6194330000,3/27/2020,2541.47,0.482825713,-289385495.1
3/30/2020,2558.97998,2631.800049,2545.280029,2626.649902,2626.649902,5746220000,3/30/2020,2626.65,0.472740019,98620248.77
3/31/2020,2614.689941,2641.389893,2571.149902,2584.590088,2584.590088,6568290000,3/31/2020,2584.59,0.49741658,-148210827.4
4/1/2020,2498.080078,2522.75,2447.48999,2470.5,2470.5,5947900000,4/1/2020,2470.5,0.511401083,-772849977.5
4/2/2020,2458.540039,2533.219971,2455.790039,2526.899902,2526.899902,6454990000,4/2/2020,2526.9,0.485221466,-507398426.7
4/3/2020,2514.919922,2538.179932,2459.959961,2488.649902,2488.649902,6087190000,4/3/2020,2488.65,0.506475156,-463079691.1
4/6/2020,2578.280029,2676.850098,2574.570068,2663.679932,2663.679932,6391860000,4/6/2020,2663.68,0.446698113,1555164530
4/7/2020,2738.649902,2756.889893,2657.669922,2659.409912,2659.409912,7040720000,4/7/2020,2659.41,0.48211029,1533925066
4/8/2020,2685,2760.75,2663.300049,2749.97998,2749.97998,5856370000,4/8/2020,2749.98,0.501114445,3331832669
4/9/2020,2776.98999,2818.570068,2762.360107,2789.820068,2789.820068,7880140000,4/9/2020,2789.82,0.488574222,2608412646
4/13/2020,2782.459961,2782.459961,2721.169922,2761.629883,2761.629883,5274310000,4/13/2020,2761.63,0.493959663,3422977567
4/14/2020,2805.100098,2851.850098,2805.100098,2846.060059,2846.060059,5567400000,4/14/2020,2846.06,0.477697023,5900187805
4/15/2020,2795.639893,2801.879883,2761.540039,2783.360107,2783.360107,5203390000,4/15/2020,2783.36,0.511512069,5008143203
4/16/2020,2799.340088,2806.51001,2764.320068,2799.550049,2799.550049,5179990000,4/16/2020,2799.55,0.504736232,6412033864
4/17/2020,2842.429932,2879.219971,2830.879883,2874.560059,2874.560059,5792140000,4/17/2020,2874.56,0.463644344,1907158484
4/20/2020,2845.620117,2868.97998,2820.429932,2823.159912,2823.159912,5220160000,4/20/2020,2823.16,0.449046555,2399843522
4/21/2020,2784.810059,2785.540039,2727.100098,2736.560059,2736.560059,5075830000,4/21/2020,2736.56,0.46829086,715645747.9
4/22/2020,2787.889893,2815.100098,2775.949951,2799.310059,2799.310059,5049660000,4/22/2020,2799.31,0.457185807,1825912217
4/23/2020,2810.419922,2844.899902,2794.26001,2797.800049,2797.800049,5756520000,4/23/2020,2797.8,0.451655107,2109103845
4/24/2020,2812.639893,2842.709961,2791.76001,2836.73999,2836.73999,5374480000,4/24/2020,2836.74,0.439758551,1264910712
4/27/2020,2854.649902,2887.719971,2852.889893,2878.47998,2878.47998,5194260000,4/27/2020,2878.48,0.432131936,1284877774
4/28/2020,2909.959961,2921.149902,2860.709961,2863.389893,2863.389893,5672880000,4/28/2020,2863.39,0.440943986,931551338.6
4/29/2020,2918.459961,2954.860107,2912.159912,2939.51001,2939.51001,6620140000,4/29/2020,2939.51,0.445037697,2502561142
4/30/2020,2930.909912,2930.909912,2892.469971,2912.429932,2912.429932,6523120000,4/30/2020,2912.43,0.457728695,3331688946
5/1/2020,2869.090088,2869.090088,2821.610107,2830.709961,2830.709961,4753160000,5/1/2020,2830.71,0.483067174,721282137.8
5/4/2020,2815.01001,2844.23999,2797.850098,2842.73999,2842.73999,4723140000,5/4/2020,2842.74,0.463196665,1434455811
5/5/2020,2868.879883,2898.22998,2863.550049,2868.439941,2868.439941,5129590000,5/5/2020,2868.44,0.454598004,1599407223
5/6/2020,2883.139893,2891.110107,2847.649902,2848.419922,2848.419922,4861920000,5/6/2020,2848.42,0.473473687,2848289581
5/7/2020,2878.26001,2901.919922,2876.47998,2881.189941,2881.189941,5164640000,5/7/2020,2881.19,0.457290729,5535217748
5/8/2020,2908.830078,2932.159912,2902.879883,2929.800049,2929.800049,4857160000,5/8/2020,2929.8,0.440816505,3754598011
5/11/2020,2915.459961,2944.25,2903.439941,2930.189941,2930.189941,4807320000,5/11/2020,2930.19,0.475091389,3694572513
5/12/2020,2939.5,2945.820068,2869.590088,2870.120117,2870.120117,5107710000,5/12/2020,2870.12,0.465780025,3171271931
5/13/2020,2865.860107,2874.139893,2793.149902,2820,2820,6143130000,5/13/2020,2820,0.466984727,1692331800
5/14/2020,2794.540039,2852.800049,2766.639893,2852.5,2852.5,5641920000,5/14/2020,2852.5,0.48185044,2008374902
5/15/2020,2829.949951,2865.01001,2816.780029,2863.699951,2863.699951,5477040000,5/15/2020,2863.7,0.483523898,951835268.4
5/18/2020,2913.860107,2968.090088,2913.860107,2953.909912,2953.909912,6364290000,5/18/2020,2953.91,0.432606521,1898068854
5/19/2020,2948.590088,2964.209961,2922.350098,2922.939941,2922.939941,4969330000,5/19/2020,2922.94,0.476807537,2187327786
5/20/2020,2953.629883,2980.290039,2953.629883,2971.610107,2971.610107,4992970000,5/20/2020,2971.61,0.462761493,3914361759
5/21/2020,2969.949951,2978.5,2938.570068,2948.51001,2948.51001,4966940000,5/21/2020,2948.51,0.494047534,2240088610
5/22/2020,2948.050049,2956.76001,2933.590088,2955.449951,2955.449951,3952800000,5/22/2020,2955.45,0.511715411,1639866652
5/26/2020,3004.080078,3021.719971,2988.169922,2991.77002,2991.77002,5837060000,5/26/2020,2991.77,0.471375616,1843470207
5/27/2020,3015.649902,3036.25,2969.75,3036.129883,3036.129883,6371230000,5/27/2020,3036.13,0.477079175,2008928444
5/28/2020,3046.610107,3068.669922,3023.399902,3029.72998,3029.72998,5402670000,5/28/2020,3029.73,0.491484664,2084873832
5/29/2020,3025.169922,3049.169922,2998.610107,3044.310059,3044.310059,7275080000,5/29/2020,3044.31,0.522603238,2565182968
6/1/2020,3038.780029,3062.179932,3031.540039,3055.72998,3055.72998,4673410000,6/1/2020,3055.73,0.470529178,3294277294
6/2/2020,3064.780029,3081.070068,3051.639893,3080.820068,3080.820068,5187230000,6/2/2020,3080.82,0.480475162,3882599622
6/3/2020,3098.899902,3130.939941,3098.899902,3122.870117,3122.870117,5989560000,6/3/2020,3122.87,0.441142682,4130602363
6/4/2020,3111.560059,3128.909912,3090.409912,3112.350098,3112.350098,6428130000,6/4/2020,3112.35,0.476278126,3293310852
6/5/2020,3163.840088,3211.719971,3163.840088,3193.929932,3193.929932,8617590000,6/5/2020,3193.93,0.452095031,4239083647
6/8/2020,3199.919922,3233.129883,3196,3232.389893,3232.389893,8437380000,6/8/2020,3232.39,0.461516229,5719836995
6/9/2020,3213.320068,3222.709961,3193.110107,3207.179932,3207.179932,6382620000,6/9/2020,3207.18,0.473334427,8317776233
6/10/2020,3213.419922,3223.27002,3181.48999,3190.139893,3190.139893,6570840000,6/10/2020,3190.14,0.466881331,9662665165
6/11/2020,3123.530029,3123.530029,2999.48999,3002.100098,3002.100098,7018890000,6/11/2020,3002.1,0.477234659,2607526818
6/12/2020,3071.040039,3088.419922,2984.469971,3041.310059,3041.310059,5832250000,6/12/2020,3041.31,0.49703272,5515247892
6/15/2020,2993.76001,3079.76001,2965.659912,3066.590088,3066.590088,5740660000,6/15/2020,3066.59,0.496211338,5224988329
6/16/2020,3131,3153.449951,3076.060059,3124.73999,3124.73999,5829240000,6/16/2020,3124.74,0.483345739,6307848461
6/17/2020,3136.129883,3141.159912,3108.030029,3113.48999,3113.48999,4549390000,6/17/2020,3113.49,0.500161257,7569718916
6/18/2020,3101.639893,3120,3093.51001,3115.340088,3115.340088,4429030000,6/18/2020,3115.34,0.512573693,6015265525
6/19/2020,3140.290039,3155.530029,3083.110107,3097.73999,3097.73999,8327780000,6/19/2020,3097.99,0.525397343,2194659186
6/22/2020,3094.419922,3120.919922,3079.389893,3117.860107,3117.860107,4665380000,6/22/2020,3117.86,0.469189496,2961974574
6/23/2020,3138.699951,3154.899902,3127.120117,3131.290039,3131.290039,4704830000,6/23/2020,3131.29,0.481550717,4442163715
6/24/2020,3114.399902,3115.01001,3032.129883,3050.330078,3050.330078,5587200000,6/24/2020,3050.33,0.481992708,2403953470
6/25/2020,3046.600098,3086.25,3024.01001,3083.76001,3083.76001,4815420000,6/25/2020,3083.76,0.45603534,3740909268
6/26/2020,3073.199951,3073.72998,3004.629883,3009.050049,3009.050049,8098120000,6/26/2020,3009.05,0.457969086,626711354.5
6/29/2020,3018.590088,3053.889893,2999.73999,3053.23999,3053.23999,4462770000,6/29/2020,3053.24,0.457301938,1327171926
6/30/2020,3050.199951,3111.51001,3047.830078,3100.290039,3100.290039,4696280000,6/30/2020,3100.29,0.447183036,4122973164
7/1/2020,3105.919922,3128.439941,3101.169922,3115.860107,3115.860107,4443130000,7/1/2020,3115.86,0.436339335,8066028172
7/2/2020,3143.639893,3165.810059,3124.52002,3130.01001,3130.01001,4190830000,7/2/2020,3130.01,0.460283929,3223157668
